timestamp,open,high,low,close,volume,date
1615161600000,0.2818,0.5834,0.2818,0.4335,170165155.12,2021-03-08
1615248000000,0.4343,0.44,0.3653,0.4015,52995705.29,2021-03-09
1615334400000,0.4018,0.4095,0.3449,0.3466,17158586.8,2021-03-10
1615420800000,0.3459,0.388,0.3301,0.38,19073076.52,2021-03-11
1615507200000,0.3796,0.425,0.3513,0.3789,18956098.2,2021-03-12
1615593600000,0.3787,0.4844,0.3519,0.4286,23489374.82,2021-03-13
1615680000000,0.4281,0.7608,0.427,0.736,53035678.43,2021-03-14
1615766400000,0.7387,0.8876,0.5353,0.7217,150344314.15,2021-03-15
1615852800000,0.7259,0.7259,0.5041,0.583,58933482.84,2021-03-16
1615939200000,0.583,0.585,0.5,0.5477,23272822.93,2021-03-17
1616025600000,0.5473,0.58,0.5106,0.513,17301356.16,2021-03-18
1616112000000,0.5134,0.5916,0.505,0.5544,17543039.89,2021-03-19
1616198400000,0.5545,0.64,0.5359,0.5381,24095318.08,2021-03-20
1616284800000,0.5378,0.5851,0.502,0.525,12141615.92,2021-03-21
1616371200000,0.5251,0.58,0.454,0.4564,24290856.55,2021-03-22
1616457600000,0.4565,0.4985,0.4197,0.4462,18713358.77,2021-03-23
1616544000000,0.4478,0.4985,0.4,0.4135,12314428.95,2021-03-24
1616630400000,0.4132,0.4259,0.3703,0.3945,12289851.08,2021-03-25
1616716800000,0.3946,0.4535,0.39,0.4449,10469296.74,2021-03-26
1616803200000,0.4442,0.485,0.41,0.4382,12430857.97,2021-03-27
1616889600000,0.4385,0.4987,0.436,0.4559,14585531.25,2021-03-28
1616976000000,0.4573,0.5391,0.456,0.5211,23737655.72,2021-03-29
1617062400000,0.5218,0.5617,0.4957,0.5159,15953525.83,2021-03-30
1617148800000,0.5146,0.5385,0.4806,0.5025,11775492.05,2021-03-31
1617235200000,0.5018,0.55,0.5,0.5431,10669822.89,2021-04-01
1617321600000,0.5438,0.5451,0.48,0.4914,9894625.28,2021-04-02
1617408000000,0.4914,0.4928,0.4398,0.4466,14065072.72,2021-04-03
1617494400000,0.446,0.4835,0.4401,0.4757,8735193.23,2021-04-04
1617580800000,0.4758,0.4758,0.4381,0.4477,10487091.34,2021-04-05
1617667200000,0.4477,0.469,0.413,0.454,10047413.08,2021-04-06
1617753600000,0.4539,0.4595,0.39,0.4096,8575305.48,2021-04-07
1617840000000,0.4103,0.465,0.4057,0.447,11318515.4,2021-04-08
1617926400000,0.4478,0.4945,0.4287,0.4835,12408531.52,2021-04-09
1618012800000,0.4841,0.5555,0.4526,0.477,36485973.83,2021-04-10
1618099200000,0.477,0.5208,0.4649,0.4941,15094216.96,2021-04-11
1618185600000,0.4941,0.5018,0.4389,0.4483,9845159.84,2021-04-12
1618272000000,0.4483,0.4603,0.4252,0.4369,6889675.82,2021-04-13
1618358400000,0.4378,0.4618,0.4163,0.4259,8783542.48,2021-04-14
1618444800000,0.427,0.4569,0.4175,0.4384,8728972.03,2021-04-15
1618531200000,0.4384,0.44,0.4076,0.4275,8379495.63,2021-04-16
1618617600000,0.4275,0.4535,0.4184,0.4191,8903120.07,2021-04-17
1618704000000,0.4184,0.4234,0.328,0.3683,10736348.99,2021-04-18
1618790400000,0.3681,0.3935,0.331,0.3362,7325027.59,2021-04-19
1618876800000,0.3369,0.338,0.2948,0.3251,11699749.64,2021-04-20
1618963200000,0.325,0.3487,0.3097,0.314,7238062.04,2021-04-21
1619049600000,0.3145,0.339,0.2841,0.3032,8510190.82,2021-04-22
1619136000000,0.3032,0.3038,0.2378,0.2697,10313087.46,2021-04-23
1619222400000,0.2699,0.2888,0.241,0.2416,13399241.75,2021-04-24
1619308800000,0.2424,0.2885,0.2309,0.2447,17172404.41,2021-04-25
1619395200000,0.2448,0.35,0.2425,0.3164,23461111.26,2021-04-26
1619481600000,0.3171,0.3595,0.3069,0.3359,18145709.36,2021-04-27
1619568000000,0.3354,0.3449,0.2988,0.3219,10599853.45,2021-04-28
1619654400000,0.3219,0.4192,0.311,0.3892,55866974.94,2021-04-29
1619740800000,0.3892,0.3979,0.3615,0.3901,18015624.33,2021-04-30
1619827200000,0.3901,0.4174,0.3701,0.385,12471332.22,2021-05-01
1619913600000,0.3857,0.44,0.3628,0.413,26452822.4,2021-05-02
1620000000000,0.413,0.4299,0.3926,0.3939,11587750.35,2021-05-03
1620086400000,0.3939,0.394,0.3405,0.3443,10807759.42,2021-05-04
1620172800000,0.3436,0.3764,0.343,0.367,7820154.96,2021-05-05
1620259200000,0.3667,0.387,0.3382,0.3482,8802513.68,2021-05-06
1620345600000,0.3478,0.3878,0.3332,0.3604,11127301.86,2021-05-07
1620432000000,0.3604,0.374,0.3459,0.3497,6434497.72,2021-05-08
1620518400000,0.3497,0.3536,0.3297,0.3372,5429928.06,2021-05-09
1620604800000,0.3372,0.353,0.2924,0.296,9745391.53,2021-05-10
1620691200000,0.296,0.3199,0.2919,0.3118,8486323.35,2021-05-11
1620777600000,0.3123,0.3227,0.26,0.2607,9726724.24,2021-05-12
1620864000000,0.2607,0.2896,0.25,0.2633,10555157.96,2021-05-13
1620950400000,0.2624,0.4451,0.2589,0.383,156545312.25,2021-05-14
1621036800000,0.383,0.3973,0.2976,0.301,59751412.95,2021-05-15
1621123200000,0.3009,0.3497,0.2726,0.2937,40626262.95,2021-05-16
1621209600000,0.2937,0.2971,0.2527,0.2653,16483669.92,2021-05-17
1621296000000,0.2648,0.2904,0.2637,0.2713,11020591.05,2021-05-18
1621382400000,0.2717,0.2769,0.1428,0.1754,20562317.54,2021-05-19
1621468800000,0.1755,0.2149,0.1527,0.2003,11540835.27,2021-05-20
1621555200000,0.2003,0.2318,0.1479,0.1637,20375804.03,2021-05-21
1621641600000,0.1637,0.2666,0.1492,0.1965,117316919.15,2021-05-22
1621728000000,0.196,0.25,0.145,0.1615,118501226.58,2021-05-23
1621814400000,0.1615,0.202,0.1486,0.185,51190809.56,2021-05-24
1621900800000,0.185,0.194,0.1566,0.1843,26585152.94,2021-05-25
1621987200000,0.185,0.2047,0.1772,0.196,17975652.62,2021-05-26
1622073600000,0.196,0.21,0.1751,0.1881,17713518.88,2021-05-27
1622160000000,0.1888,0.1937,0.156,0.1657,15630019.17,2021-05-28
1622246400000,0.166,0.205,0.1585,0.1669,54426165.96,2021-05-29
1622332800000,0.1669,0.1827,0.158,0.1744,18948298.31,2021-05-30
1622419200000,0.1744,0.1849,0.161,0.183,13533841.65,2021-05-31
1622505600000,0.1826,0.1853,0.169,0.1752,9300737.25,2021-06-01
1622592000000,0.1752,0.1884,0.1727,0.1834,9370963.22,2021-06-02
1622678400000,0.1834,0.21,0.1786,0.1949,30594958.43,2021-06-03
1622764800000,0.1949,0.196,0.1636,0.1715,12869809.04,2021-06-04
1622851200000,0.1715,0.1777,0.1544,0.1648,9460177.91,2021-06-05
1622937600000,0.1648,0.1988,0.1612,0.1719,32231770.67,2021-06-06
1623024000000,0.1711,0.1772,0.1557,0.1568,10981051.35,2021-06-07
1623110400000,0.1568,0.1621,0.1384,0.1564,9639336.8,2021-06-08
1623196800000,0.1559,0.1868,0.148,0.1674,36935522.56,2021-06-09
1623283200000,0.1676,0.1687,0.1519,0.1563,12251586.26,2021-06-10
1623369600000,0.1561,0.1698,0.1505,0.1544,12845711.69,2021-06-11
1623456000000,0.1546,0.1553,0.1403,0.141,8250844.4,2021-06-12
1623542400000,0.141,0.1549,0.1374,0.1541,13331961.09,2021-06-13
1623628800000,0.1542,0.1592,0.1454,0.1532,10095436.37,2021-06-14
1623715200000,0.1528,0.1611,0.1501,0.1552,9374353.76,2021-06-15
1623801600000,0.1551,0.1688,0.1426,0.1442,18231125.24,2021-06-16
1623888000000,0.1444,0.1586,0.1439,0.1527,18000654.13,2021-06-17
1623974400000,0.1527,0.1649,0.138,0.1415,71646366.12,2021-06-18
1624060800000,0.1415,0.146,0.1375,0.1396,6451132.72,2021-06-19
1624147200000,0.1392,0.1432,0.1253,0.1347,12838241.11,2021-06-20
1624233600000,0.1349,0.1356,0.1104,0.1108,12889041.09,2021-06-21
1624320000000,0.1113,0.1171,0.084,0.0959,22738836.39,2021-06-22
1624406400000,0.0967,0.1118,0.0935,0.1062,8357472.77,2021-06-23
1624492800000,0.1062,0.1235,0.0997,0.1134,10209419.0,2021-06-24
1624579200000,0.1138,0.1168,0.0981,0.101,9151918.79,2021-06-25
1624665600000,0.1006,0.103,0.0902,0.0959,11642520.53,2021-06-26
1624752000000,0.096,0.134,0.0954,0.108,89341514.85,2021-06-27
1624838400000,0.1081,0.115,0.1052,0.1101,21841333.41,2021-06-28
1624924800000,0.1099,0.1173,0.1067,0.1103,18469776.93,2021-06-29
1625011200000,0.1103,0.1117,0.1005,0.106,15684534.91,2021-06-30
1625097600000,0.1061,0.1098,0.0984,0.1031,12840201.08,2021-07-01
1625184000000,0.1029,0.1064,0.098,0.1011,10214177.91,2021-07-02
1625270400000,0.1013,0.1084,0.1,0.1029,10456521.97,2021-07-03
1625356800000,0.1027,0.11,0.1009,0.1055,14781162.41,2021-07-04
1625443200000,0.1054,0.1075,0.101,0.1039,9737685.23,2021-07-05
1625529600000,0.1042,0.1187,0.1042,0.1118,26314433.51,2021-07-06
1625616000000,0.1117,0.1215,0.1099,0.1141,21144458.5,2021-07-07
1625702400000,0.1139,0.1143,0.1,0.1041,9249604.07,2021-07-08
1625788800000,0.1039,0.11,0.1003,0.1074,7433275.86,2021-07-09
1625875200000,0.1073,0.1084,0.1012,0.1033,6195213.07,2021-07-10
1625961600000,0.1034,0.1083,0.1018,0.1062,10415857.11,2021-07-11
1626048000000,0.1062,0.1099,0.1015,0.1042,5185658.27,2021-07-12
1626134400000,0.1039,0.1056,0.1005,0.1035,4966244.35,2021-07-13
1626220800000,0.1036,0.1289,0.0986,0.125,41751022.54,2021-07-14
1626307200000,0.125,0.16,0.1086,0.1293,157013752.3,2021-07-15
1626393600000,0.1295,0.1444,0.1103,0.1107,67086196.93,2021-07-16
1626480000000,0.1107,0.1121,0.1022,0.1037,16291896.66,2021-07-17
1626566400000,0.1037,0.127,0.1034,0.1115,55069089.96,2021-07-18
1626652800000,0.1114,0.1346,0.1063,0.1135,99793117.29,2021-07-19
1626739200000,0.1135,0.1138,0.0954,0.0993,33044976.73,2021-07-20
1626825600000,0.0994,0.1108,0.096,0.1061,23723893.7,2021-07-21
1626912000000,0.1063,0.125,0.1049,0.1173,49545945.91,2021-07-22
1626998400000,0.1173,0.1198,0.109,0.1187,31126769.34,2021-07-23
1627084800000,0.1188,0.1269,0.1156,0.1185,25302465.02,2021-07-24
1627171200000,0.1184,0.1318,0.1147,0.1293,33612044.11,2021-07-25
1627257600000,0.1293,0.156,0.1252,0.126,60258318.62,2021-07-26
1627344000000,0.1258,0.1311,0.1196,0.1242,28319525.29,2021-07-27
1627430400000,0.1244,0.1369,0.1228,0.1276,20856733.22,2021-07-28
1627516800000,0.1276,0.1282,0.1212,0.1272,12267467.01,2021-07-29
1627603200000,0.1274,0.1433,0.1229,0.1393,42687222.92,2021-07-30
1627689600000,0.1393,0.1437,0.1311,0.1348,38124377.42,2021-07-31
1627776000000,0.1349,0.1399,0.1269,0.1285,13946070.23,2021-08-01
1627862400000,0.1285,0.142,0.1243,0.1343,34639505.94,2021-08-02
1627948800000,0.1341,0.1386,0.1304,0.1323,22952410.44,2021-08-03
1628035200000,0.1324,0.1388,0.1313,0.1365,12469152.0,2021-08-04
1628121600000,0.1363,0.2468,0.1351,0.1866,437336715.46,2021-08-05
1628208000000,0.1866,0.2442,0.1741,0.194,206567729.77,2021-08-06
1628294400000,0.1943,0.1976,0.1785,0.187,41656082.48,2021-08-07
1628380800000,0.1869,0.1889,0.1665,0.168,27106003.63,2021-08-08
1628467200000,0.1685,0.193,0.1648,0.177,28560976.44,2021-08-09
1628553600000,0.177,0.1894,0.1707,0.1807,168953901.04,2021-08-10
1628640000000,0.181,0.193,0.1774,0.1838,53185058.39,2021-08-11
1628726400000,0.1835,0.2438,0.1701,0.2063,170054190.5,2021-08-12
1628812800000,0.2065,0.2677,0.1994,0.2204,189810244.15,2021-08-13
1628899200000,0.2204,0.2234,0.2055,0.2129,37643295.26,2021-08-14
1628985600000,0.2126,0.2164,0.2021,0.2127,17369215.46,2021-08-15
1629072000000,0.2127,0.2362,0.2016,0.2052,33170131.99,2021-08-16
1629158400000,0.2047,0.2179,0.1872,0.1907,20453709.84,2021-08-17
1629244800000,0.1909,0.207,0.1824,0.1911,15105747.06,2021-08-18
1629331200000,0.1901,0.225,0.1828,0.2099,32566788.66,2021-08-19
1629417600000,0.2099,0.2293,0.2058,0.2149,32720546.97,2021-08-20
1629504000000,0.2148,0.217,0.206,0.2074,14101317.87,2021-08-21
1629590400000,0.207,0.22,0.2026,0.2126,14891919.84,2021-08-22
1629676800000,0.2126,0.225,0.2112,0.2166,16413926.45,2021-08-23
1629763200000,0.2165,0.2225,0.1948,0.1954,13332550.33,2021-08-24
1629849600000,0.1949,0.249,0.1886,0.2275,52825282.16,2021-08-25
1629936000000,0.2279,0.2874,0.2055,0.2249,147577958.07,2021-08-26
1630022400000,0.2249,0.2556,0.2098,0.2332,49573358.0,2021-08-27
1630108800000,0.2334,0.2389,0.2202,0.2227,22882187.0,2021-08-28
1630195200000,0.2234,0.2288,0.218,0.2251,13007365.0,2021-08-29
1630281600000,0.2252,0.226,0.2022,0.2107,16402552.23,2021-08-30
1630368000000,0.2107,0.2155,0.2022,0.2052,13736640.0,2021-08-31
1630454400000,0.205,0.235,0.2008,0.2229,25273170.47,2021-09-01
1630540800000,0.2228,0.2788,0.2183,0.2626,112065259.0,2021-09-02
1630627200000,0.2632,0.339,0.2475,0.2833,169892070.78,2021-09-03
1630713600000,0.2833,0.2885,0.27,0.2714,33230718.0,2021-09-04
1630800000000,0.2714,0.2772,0.258,0.2636,22432107.0,2021-09-05
1630886400000,0.2636,0.285,0.2527,0.279,29160597.0,2021-09-06
1630972800000,0.2794,0.2878,0.1884,0.2169,34074319.51,2021-09-07
1631059200000,0.2175,0.2226,0.192,0.2119,29190785.0,2021-09-08
1631145600000,0.2119,0.239,0.2076,0.2142,22543083.0,2021-09-09
1631232000000,0.2137,0.2425,0.206,0.2171,42285306.0,2021-09-10
1631318400000,0.2168,0.239,0.2103,0.228,23795754.0,2021-09-11
1631404800000,0.227,0.2769,0.2252,0.2491,64988888.0,2021-09-12
1631491200000,0.2492,0.253,0.2156,0.2247,13898907.0,2021-09-13
1631577600000,0.2244,0.2484,0.2221,0.2401,12018646.0,2021-09-14
1631664000000,0.2401,0.254,0.232,0.2438,11502762.0,2021-09-15
1631750400000,0.2438,0.264,0.228,0.2352,18980042.0,2021-09-16
1631836800000,0.2347,0.239,0.2203,0.2252,7184238.0,2021-09-17
1631923200000,0.2248,0.4484,0.2219,0.3128,331343019.69,2021-09-18
1632009600000,0.3128,0.4076,0.2822,0.2976,378453520.0,2021-09-19
1632096000000,0.2976,0.2983,0.2345,0.2367,76854459.0,2021-09-20
1632182400000,0.2369,0.2541,0.2057,0.2134,46490553.0,2021-09-21
1632268800000,0.2135,0.2547,0.2101,0.2408,28045429.0,2021-09-22
1632355200000,0.2409,0.2498,0.2307,0.2412,19464210.0,2021-09-23
1632441600000,0.2409,0.2645,0.2031,0.2224,33791106.0,2021-09-24
1632528000000,0.2222,0.2253,0.2094,0.2129,14040751.0,2021-09-25
1632614400000,0.2129,0.25,0.1951,0.2225,32281450.0,2021-09-26
1632700800000,0.2224,0.2449,0.2184,0.2207,27681443.0,2021-09-27
1632787200000,0.2206,0.2231,0.2041,0.2056,11226390.0,2021-09-28
1632873600000,0.2056,0.2242,0.2044,0.2127,10705939.0,2021-09-29
1632960000000,0.2127,0.2232,0.2106,0.2186,8422568.0,2021-09-30
1633046400000,0.2186,0.2537,0.2152,0.2394,37380849.0,2021-10-01
1633132800000,0.2394,0.2649,0.2353,0.2437,26965313.0,2021-10-02
1633219200000,0.2435,0.251,0.2385,0.2419,14033058.0,2021-10-03
1633305600000,0.2419,0.2464,0.2282,0.2346,17946649.0,2021-10-04
1633392000000,0.2346,0.258,0.2323,0.2505,26536077.0,2021-10-05
1633478400000,0.2507,0.2516,0.2226,0.2352,20326826.0,2021-10-06
1633564800000,0.2352,0.259,0.228,0.2428,25458608.0,2021-10-07
1633651200000,0.243,0.2578,0.2366,0.2388,17972006.0,2021-10-08
1633737600000,0.2388,0.253,0.2354,0.2421,14391682.0,2021-10-09
1633824000000,0.242,0.2513,0.2263,0.2279,14914035.0,2021-10-10
1633910400000,0.2278,0.2368,0.2195,0.2258,10370963.0,2021-10-11
1633996800000,0.2254,0.2254,0.2082,0.2194,10010274.0,2021-10-12
1634083200000,0.2197,0.2348,0.2124,0.2203,22832750.0,2021-10-13
1634169600000,0.2203,0.2321,0.2203,0.2269,11285168.0,2021-10-14
1634256000000,0.2273,0.296,0.2213,0.26,190769673.0,2021-10-15
1634342400000,0.26,0.2827,0.245,0.2581,66249521.0,2021-10-16
1634428800000,0.2583,0.259,0.2383,0.2459,26563565.0,2021-10-17
1634515200000,0.2463,0.2564,0.2376,0.2425,22733853.0,2021-10-18
1634601600000,0.2426,0.2427,0.2297,0.2318,9366572.0,2021-10-19
1634688000000,0.232,0.25,0.2299,0.2439,12668183.0,2021-10-20
1634774400000,0.2438,0.257,0.2341,0.2385,13832386.0,2021-10-21
1634860800000,0.2389,0.25,0.2339,0.2363,9160509.0,2021-10-22
1634947200000,0.236,0.268,0.2351,0.2551,44799491.0,2021-10-23
1635033600000,0.2548,0.258,0.2375,0.2418,13357740.0,2021-10-24
1635120000000,0.2421,0.2483,0.2408,0.244,8923950.0,2021-10-25
1635206400000,0.244,0.247,0.2407,0.2413,9067037.0,2021-10-26
1635292800000,0.2413,0.246,0.2117,0.2123,13189100.0,2021-10-27
1635379200000,0.2126,0.2277,0.2115,0.2201,7394748.0,2021-10-28
1635465600000,0.2201,0.2323,0.2177,0.2256,10068434.0,2021-10-29
1635552000000,0.2258,0.229,0.2195,0.2241,8139919.0,2021-10-30
1635638400000,0.2242,0.23,0.2195,0.2274,10070885.0,2021-10-31
1635724800000,0.2275,0.2444,0.224,0.2371,12430736.0,2021-11-01
1635811200000,0.2368,0.2428,0.2315,0.2375,10359520.0,2021-11-02
1635897600000,0.2375,0.2424,0.2285,0.2341,12116978.0,2021-11-03
1635984000000,0.2341,0.258,0.2326,0.2431,30600195.0,2021-11-04
1636070400000,0.2435,0.2477,0.2329,0.2342,8705387.0,2021-11-05
1636156800000,0.2341,0.2428,0.2295,0.2414,9391051.0,2021-11-06
1636243200000,0.2414,0.247,0.237,0.2408,10731443.0,2021-11-07
1636329600000,0.2408,0.247,0.237,0.2421,11200901.0,2021-11-08
1636416000000,0.242,0.25,0.2383,0.2404,13731001.0,2021-11-09
1636502400000,0.2405,0.246,0.221,0.2241,16827668.0,2021-11-10
1636588800000,0.2247,0.2398,0.2182,0.2296,15705611.0,2021-11-11
1636675200000,0.2295,0.2302,0.2211,0.2286,12137162.0,2021-11-12
1636761600000,0.2283,0.2405,0.2257,0.2384,16644695.0,2021-11-13
1636848000000,0.2382,0.24,0.2301,0.234,10630149.0,2021-11-14
1636934400000,0.2342,0.2488,0.2334,0.2362,17297412.0,2021-11-15
1637020800000,0.2364,0.255,0.2219,0.2375,38412233.0,2021-11-16
1637107200000,0.238,0.2537,0.2334,0.2364,39063997.0,2021-11-17
1637193600000,0.2362,0.2398,0.2041,0.2086,21307357.0,2021-11-18
1637280000000,0.2086,0.2199,0.2029,0.2155,12598505.0,2021-11-19
1637366400000,0.2156,0.2351,0.2148,0.2314,17571562.0,2021-11-20
1637452800000,0.2314,0.254,0.231,0.2396,30075879.0,2021-11-21
1637539200000,0.2397,0.2398,0.2212,0.2243,16972823.0,2021-11-22
1637625600000,0.2245,0.2354,0.2231,0.2303,12494215.0,2021-11-23
1637712000000,0.2303,0.277,0.2258,0.2369,53156714.0,2021-11-24
1637798400000,0.2372,0.2422,0.2299,0.2395,17393948.0,2021-11-25
1637884800000,0.2391,0.2418,0.21,0.2116,19363496.0,2021-11-26
1637971200000,0.2112,0.25,0.2097,0.2337,32584811.0,2021-11-27
1638057600000,0.2334,0.265,0.212,0.2269,34636942.0,2021-11-28
1638144000000,0.227,0.2439,0.2196,0.2304,20364526.0,2021-11-29
1638230400000,0.2308,0.2341,0.2226,0.2231,11172077.0,2021-11-30
1638316800000,0.2229,0.2263,0.2158,0.2177,15631962.0,2021-12-01
1638403200000,0.2177,0.2459,0.2114,0.233,21919492.0,2021-12-02
1638489600000,0.2329,0.3194,0.2269,0.2498,146379930.0,2021-12-03
1638576000000,0.2497,0.31,0.1771,0.1972,135438041.92,2021-12-04
1638662400000,0.1973,0.2021,0.175,0.1815,30536288.0,2021-12-05
1638748800000,0.182,0.184,0.1601,0.1805,22961308.39,2021-12-06
1638835200000,0.1802,0.19,0.172,0.1763,22697060.0,2021-12-07
1638921600000,0.1758,0.19,0.1714,0.1819,17546914.0,2021-12-08
1639008000000,0.1816,0.1927,0.165,0.1652,17448788.0,2021-12-09
1639094400000,0.1654,0.1719,0.1557,0.156,10481329.8,2021-12-10
1639180800000,0.156,0.1611,0.1527,0.1588,7376570.0,2021-12-11
1639267200000,0.1592,0.1713,0.1541,0.1608,14398624.0,2021-12-12
1639353600000,0.1608,0.1674,0.1374,0.1391,14056792.56,2021-12-13
1639440000000,0.1389,0.1587,0.137,0.1413,17371157.0,2021-12-14
1639526400000,0.1414,0.1527,0.1357,0.1437,15321514.0,2021-12-15
1639612800000,0.1434,0.1591,0.1431,0.1485,19601989.0,2021-12-16
1639699200000,0.1482,0.1772,0.1465,0.1577,50218054.0,2021-12-17
1639785600000,0.1577,0.1673,0.1517,0.1579,14082076.0,2021-12-18
1639872000000,0.1578,0.16,0.1518,0.1531,7656872.0,2021-12-19
1639958400000,0.153,0.1545,0.1399,0.1466,7926568.0,2021-12-20
1640044800000,0.1468,0.1541,0.145,0.1508,8258158.0,2021-12-21
1640131200000,0.1509,0.1595,0.1495,0.155,9807546.0,2021-12-22
1640217600000,0.1549,0.2088,0.1505,0.1647,111412021.0,2021-12-23
1640304000000,0.1645,0.1693,0.1559,0.1584,19460001.0,2021-12-24
1640390400000,0.1584,0.1638,0.1579,0.1625,6890974.0,2021-12-25
1640476800000,0.1625,0.1653,0.156,0.1619,12171817.0,2021-12-26
1640563200000,0.1619,0.182,0.1608,0.1654,19833564.0,2021-12-27
1640649600000,0.1652,0.1652,0.155,0.1554,14451281.0,2021-12-28
1640736000000,0.1553,0.1722,0.1505,0.1534,21465993.0,2021-12-29
1640822400000,0.1535,0.156,0.1482,0.1529,8798928.0,2021-12-30
1640908800000,0.1533,0.1627,0.1452,0.1474,10451455.0,2021-12-31
1640995200000,0.1475,0.1534,0.1473,0.1503,5038555.0,2022-01-01
1641081600000,0.1507,0.1561,0.1482,0.1528,7127732.0,2022-01-02
1641168000000,0.1528,0.1546,0.1456,0.1479,7275314.0,2022-01-03
1641254400000,0.1479,0.1539,0.1452,0.15,8319158.0,2022-01-04
1641340800000,0.1498,0.1517,0.137,0.1383,9577210.0,2022-01-05
1641427200000,0.1382,0.1405,0.1332,0.1371,7684901.0,2022-01-06
1641513600000,0.1371,0.1371,0.1264,0.1304,8703666.3,2022-01-07
1641600000000,0.1305,0.1343,0.1243,0.1263,4276035.0,2022-01-08
1641686400000,0.1261,0.128,0.1224,0.1245,5118347.0,2022-01-09
1641772800000,0.1246,0.1258,0.1126,0.1185,7250979.67,2022-01-10
1641859200000,0.1185,0.1245,0.1178,0.123,5360525.0,2022-01-11
1641945600000,0.123,0.1333,0.1203,0.1286,7900700.0,2022-01-12
1642032000000,0.1287,0.1332,0.1223,0.1226,5927302.0,2022-01-13
1642118400000,0.1226,0.1283,0.1196,0.1262,3625152.0,2022-01-14
1642204800000,0.1263,0.131,0.1247,0.1269,4249387.0,2022-01-15
1642291200000,0.1269,0.1292,0.1242,0.1249,3848897.0,2022-01-16
1642377600000,0.1249,0.1258,0.1186,0.12,4130400.0,2022-01-17
1642464000000,0.12,0.1206,0.114,0.1176,3907405.0,2022-01-18
1642550400000,0.1175,0.1226,0.114,0.1169,5908376.0,2022-01-19
1642636800000,0.1169,0.1238,0.1135,0.1135,4828869.0,2022-01-20
1642723200000,0.1135,0.1148,0.0938,0.0962,13801674.0,2022-01-21
1642809600000,0.0962,0.098,0.0783,0.0842,17665000.47,2022-01-22
1642896000000,0.0838,0.0906,0.0835,0.0887,7534155.0,2022-01-23
1642982400000,0.0888,0.0889,0.0768,0.0857,8872856.0,2022-01-24
1643068800000,0.0857,0.0889,0.0835,0.0871,3122407.0,2022-01-25
1643155200000,0.0871,0.0961,0.0862,0.0898,6390297.0,2022-01-26
1643241600000,0.0897,0.0933,0.085,0.0884,5110664.0,2022-01-27
1643328000000,0.0886,0.0949,0.0871,0.0933,3806989.0,2022-01-28
1643414400000,0.0934,0.0999,0.092,0.0974,3848428.0,2022-01-29
1643500800000,0.0977,0.1108,0.0929,0.0941,27128289.0,2022-01-30
1643587200000,0.0942,0.097,0.0902,0.0966,3969227.0,2022-01-31
1643673600000,0.0967,0.0998,0.0955,0.099,4524992.0,2022-02-01
1643760000000,0.0991,0.1,0.0922,0.0926,4467193.0,2022-02-02
1643846400000,0.0927,0.1,0.0907,0.0998,5765360.0,2022-02-03
1643932800000,0.0998,0.1042,0.0954,0.1033,5134882.0,2022-02-04
1644019200000,0.1035,0.1094,0.1021,0.104,6230440.0,2022-02-05
1644105600000,0.1041,0.1082,0.1034,0.1071,4207472.0,2022-02-06
1644192000000,0.1073,0.1128,0.1052,0.1092,5511162.0,2022-02-07
1644278400000,0.1093,0.1131,0.1045,0.1088,5895751.0,2022-02-08
1644364800000,0.1088,0.1125,0.107,0.1105,7636987.0,2022-02-09
1644451200000,0.1104,0.1162,0.104,0.1078,16850979.0,2022-02-10
1644537600000,0.1076,0.1114,0.0982,0.0994,11478441.0,2022-02-11
1644624000000,0.0993,0.1042,0.0952,0.103,8646671.0,2022-02-12
1644710400000,0.1031,0.128,0.0948,0.0948,81719874.0,2022-02-13
1644796800000,0.0948,0.0979,0.0919,0.094,16108895.0,2022-02-14
1644883200000,0.0941,0.1115,0.0939,0.1002,20748767.0,2022-02-15
1644969600000,0.1004,0.104,0.0951,0.0997,10968787.0,2022-02-16
1645056000000,0.0995,0.11,0.091,0.0935,37670633.0,2022-02-17
1645142400000,0.093,0.0951,0.0867,0.09,9727798.0,2022-02-18
1645228800000,0.0898,0.0962,0.0873,0.0909,6462212.0,2022-02-19
1645315200000,0.0909,0.0919,0.0826,0.0854,8916402.0,2022-02-20
1645401600000,0.0853,0.1014,0.0787,0.0788,39107502.0,2022-02-21
1645488000000,0.0791,0.084,0.0761,0.0818,11170512.0,2022-02-22
1645574400000,0.082,0.0863,0.0773,0.0779,9279440.0,2022-02-23
1645660800000,0.0778,0.078,0.0679,0.0744,21452524.85,2022-02-24
1645747200000,0.0742,0.0811,0.074,0.0794,8459524.0,2022-02-25
1645833600000,0.0796,0.085,0.0794,0.08,7645585.0,2022-02-26
1645920000000,0.08,0.0828,0.0753,0.0769,8207927.0,2022-02-27
1646006400000,0.0769,0.106,0.0764,0.0848,107820163.0,2022-02-28
1646092800000,0.0846,0.0882,0.0817,0.0848,25852253.0,2022-03-01
1646179200000,0.0848,0.0882,0.0832,0.0848,12819366.0,2022-03-02
1646265600000,0.0847,0.0856,0.0807,0.0818,5225776.0,2022-03-03
1646352000000,0.0819,0.082,0.0761,0.0763,10066418.0,2022-03-04
1646438400000,0.0764,0.0824,0.0749,0.0789,8671257.0,2022-03-05
1646524800000,0.079,0.093,0.0736,0.0738,57904665.0,2022-03-06
1646611200000,0.074,0.0761,0.0709,0.0739,12542413.0,2022-03-07
1646697600000,0.0738,0.0755,0.0723,0.0736,8411922.0,2022-03-08
1646784000000,0.0736,0.0781,0.0736,0.0758,9098137.0,2022-03-09
1646870400000,0.0757,0.0761,0.0698,0.0723,8220682.0,2022-03-10
1646956800000,0.0723,0.0743,0.0701,0.0718,9354718.0,2022-03-11
1647043200000,0.0718,0.0741,0.0707,0.0708,6047369.0,2022-03-12
1647129600000,0.0707,0.0736,0.0677,0.0693,10520415.0,2022-03-13
1647216000000,0.0694,0.072,0.0688,0.0703,10080192.0,2022-03-14
1647302400000,0.0703,0.078,0.0675,0.0711,33327365.0,2022-03-15
1647388800000,0.0712,0.073,0.0687,0.0728,16193850.0,2022-03-16
1647475200000,0.0728,0.076,0.0716,0.0718,12179541.0,2022-03-17
1647561600000,0.0718,0.0765,0.0708,0.0752,16333771.0,2022-03-18
1647648000000,0.0752,0.0809,0.0743,0.0773,15273881.0,2022-03-19
1647734400000,0.0773,0.0958,0.073,0.0751,79728303.0,2022-03-20
1647820800000,0.0749,0.0865,0.0732,0.0787,58556320.0,2022-03-21
1647907200000,0.0787,0.089,0.0782,0.08,38432199.0,2022-03-22
1647993600000,0.08,0.0818,0.0777,0.0806,10846129.0,2022-03-23
1648080000000,0.0806,0.0825,0.08,0.0818,8618903.0,2022-03-24
1648166400000,0.0818,0.084,0.0796,0.08,9008728.0,2022-03-25
1648252800000,0.08,0.0843,0.0796,0.0836,10461894.0,2022-03-26
1648339200000,0.0836,0.0874,0.0813,0.0861,15370338.0,2022-03-27
1648425600000,0.086,0.1113,0.0842,0.0848,85478717.0,2022-03-28
1648512000000,0.0848,0.0889,0.0848,0.0871,24032680.0,2022-03-29
1648598400000,0.0869,0.0909,0.0849,0.0881,13965126.0,2022-03-30
1648684800000,0.0881,0.092,0.0846,0.0871,17161545.0,2022-03-31
1648771200000,0.087,0.0961,0.085,0.0916,27140333.0,2022-04-01
1648857600000,0.0917,0.0985,0.0917,0.0943,20750023.0,2022-04-02
1648944000000,0.0942,0.111,0.0937,0.0997,107695202.0,2022-04-03
1649030400000,0.0997,0.1408,0.0957,0.1105,294769869.0,2022-04-04
1649116800000,0.1105,0.1139,0.0982,0.0982,60069574.0,2022-04-05
1649203200000,0.0983,0.0992,0.0871,0.0873,19110495.0,2022-04-06
1649289600000,0.0875,0.1048,0.0859,0.0939,70809313.0,2022-04-07
1649376000000,0.0939,0.1,0.0904,0.0906,19898369.0,2022-04-08
1649462400000,0.0908,0.1044,0.09,0.0968,36665102.0,2022-04-09
1649548800000,0.0968,0.1193,0.0938,0.0942,129616106.0,2022-04-10
1649635200000,0.0941,0.0959,0.0859,0.0862,21056558.0,2022-04-11
1649721600000,0.0865,0.0917,0.0847,0.0899,14195882.0,2022-04-12
1649808000000,0.0898,0.0933,0.0879,0.0907,11732783.0,2022-04-13
1649894400000,0.0907,0.0923,0.0862,0.0864,7787968.0,2022-04-14
1649980800000,0.0866,0.0935,0.0866,0.0901,11668784.0,2022-04-15
1650067200000,0.0902,0.0952,0.0874,0.0917,13247099.0,2022-04-16
1650153600000,0.0919,0.093,0.0869,0.0876,11080595.0,2022-04-17
1650240000000,0.0876,0.0879,0.0822,0.0867,7944333.0,2022-04-18
1650326400000,0.0866,0.0905,0.0866,0.0898,8211766.0,2022-04-19
1650412800000,0.0896,0.094,0.0885,0.0913,16309941.0,2022-04-20
1650499200000,0.0913,0.117,0.0913,0.0967,213450067.0,2022-04-21
1650585600000,0.0966,0.0988,0.0941,0.0957,19336608.0,2022-04-22
1650672000000,0.0957,0.1093,0.0922,0.0966,50389558.0,2022-04-23
1650758400000,0.0966,0.1212,0.0951,0.1136,290175101.0,2022-04-24
1650844800000,0.1136,0.1263,0.108,0.1094,173093807.0,2022-04-25
1650931200000,0.1094,0.1119,0.0947,0.0957,37434687.0,2022-04-26
1651017600000,0.0957,0.0998,0.095,0.0974,12452930.0,2022-04-27
1651104000000,0.0972,0.1017,0.096,0.1008,18374348.0,2022-04-28
1651190400000,0.1008,0.1274,0.1,0.1051,199402106.0,2022-04-29
1651276800000,0.1052,0.1148,0.0913,0.0924,41893314.0,2022-04-30
1651363200000,0.0922,0.11,0.0921,0.1007,54863057.0,2022-05-01
1651449600000,0.1007,0.1028,0.0948,0.0962,12942590.0,2022-05-02
1651536000000,0.0964,0.1013,0.0943,0.0964,25421974.0,2022-05-03
1651622400000,0.0966,0.1023,0.0964,0.1016,13343938.0,2022-05-04
1651708800000,0.1016,0.1026,0.0882,0.0934,21954728.0,2022-05-05
1651795200000,0.0934,0.0969,0.0874,0.0894,18117966.0,2022-05-06
1651881600000,0.0894,0.0896,0.0851,0.0869,10969112.0,2022-05-07
1651968000000,0.0869,0.087,0.0807,0.0826,8841446.0,2022-05-08
1652054400000,0.0826,0.0831,0.0676,0.0676,12475187.0,2022-05-09
1652140800000,0.0675,0.0738,0.0644,0.0669,17493115.0,2022-05-10
1652227200000,0.0669,0.0686,0.043,0.0453,28385636.0,2022-05-11
1652313600000,0.0453,0.0482,0.0358,0.0388,21906252.0,2022-05-12
1652400000000,0.0389,0.0497,0.0387,0.0434,15591570.0,2022-05-13
1652486400000,0.0436,0.0457,0.04,0.0446,8237489.0,2022-05-14
1652572800000,0.0445,0.057,0.0429,0.0506,33546298.0,2022-05-15
1652659200000,0.0507,0.0507,0.0448,0.0465,12829081.0,2022-05-16
1652745600000,0.0464,0.0549,0.0462,0.0522,43993920.0,2022-05-17
1652832000000,0.0521,0.0683,0.0474,0.0518,99809022.0,2022-05-18
1652918400000,0.0518,0.082,0.0518,0.0584,204568127.0,2022-05-19
1653004800000,0.0585,0.0636,0.0534,0.0552,39837634.0,2022-05-20
1653091200000,0.0552,0.0584,0.0537,0.056,18750006.0,2022-05-21
1653177600000,0.0561,0.0569,0.0524,0.0546,14824783.0,2022-05-22
1653264000000,0.0546,0.0584,0.0513,0.052,19236680.0,2022-05-23
1653350400000,0.0522,0.0543,0.0497,0.0534,11676304.0,2022-05-24
1653436800000,0.0535,0.055,0.0518,0.0527,11500773.0,2022-05-25
1653523200000,0.0528,0.058,0.0462,0.0509,38135210.0,2022-05-26
1653609600000,0.051,0.0523,0.0483,0.0496,23895664.0,2022-05-27
1653696000000,0.0495,0.0519,0.0485,0.0506,16345834.0,2022-05-28
1653782400000,0.0506,0.0536,0.0494,0.0527,13476318.0,2022-05-29
1653868800000,0.0526,0.0556,0.0524,0.0552,13298588.0,2022-05-30
1653955200000,0.0553,0.0556,0.0519,0.0544,21049434.0,2022-05-31
1654041600000,0.0545,0.055,0.0491,0.0497,11842669.0,2022-06-01
1654128000000,0.0497,0.0516,0.0483,0.0511,10527536.0,2022-06-02
1654214400000,0.0512,0.0515,0.0489,0.0493,9175318.0,2022-06-03
1654300800000,0.0493,0.0526,0.0487,0.0505,16180379.0,2022-06-04
1654387200000,0.0505,0.0548,0.0493,0.0521,29758373.0,2022-06-05
1654473600000,0.052,0.0536,0.0498,0.0502,13179343.0,2022-06-06
1654560000000,0.0502,0.0528,0.0477,0.0515,24847284.0,2022-06-07
1654646400000,0.0514,0.0529,0.0494,0.0508,12904362.0,2022-06-08
1654732800000,0.0508,0.054,0.0499,0.0506,18815321.0,2022-06-09
1654819200000,0.0506,0.0522,0.0481,0.0499,13679899.0,2022-06-10
1654905600000,0.0498,0.0525,0.0476,0.0484,24598777.0,2022-06-11
1654992000000,0.0484,0.0488,0.0414,0.0414,15849304.0,2022-06-12
1655078400000,0.0415,0.0418,0.0356,0.037,16179512.0,2022-06-13
1655164800000,0.0371,0.0391,0.0343,0.0381,20846152.0,2022-06-14
1655251200000,0.038,0.0399,0.0341,0.0398,15335312.0,2022-06-15
1655337600000,0.0399,0.0401,0.0347,0.0351,10863802.0,2022-06-16
1655424000000,0.0352,0.042,0.035,0.0373,29019701.0,2022-06-17
1655510400000,0.0373,0.0381,0.0314,0.0338,19926845.0,2022-06-18
1655596800000,0.0338,0.0379,0.0322,0.0363,9695734.0,2022-06-19
1655683200000,0.0364,0.0379,0.0344,0.0363,13469060.0,2022-06-20
1655769600000,0.0363,0.0386,0.0357,0.0363,14063307.0,2022-06-21
1655856000000,0.0363,0.0373,0.0345,0.036,14951589.0,2022-06-22
1655942400000,0.0362,0.0466,0.0361,0.038,69636742.0,2022-06-23
1656028800000,0.038,0.0401,0.0372,0.0388,26340102.0,2022-06-24
1656115200000,0.0389,0.0418,0.0385,0.0406,21966170.0,2022-06-25
1656201600000,0.0408,0.042,0.0388,0.0389,14904910.0,2022-06-26
1656288000000,0.0389,0.043,0.0389,0.042,30388824.0,2022-06-27
1656374400000,0.0419,0.0426,0.0385,0.0385,13172583.0,2022-06-28
1656460800000,0.0385,0.0395,0.037,0.0379,10278789.0,2022-06-29
1656547200000,0.0379,0.0469,0.035,0.0373,60570416.0,2022-06-30
1656633600000,0.0372,0.0385,0.0359,0.0362,13075011.0,2022-07-01
1656720000000,0.0363,0.0387,0.0357,0.0372,9581712.0,2022-07-02
1656806400000,0.0372,0.0382,0.0369,0.0376,7518091.0,2022-07-03
1656892800000,0.0375,0.0388,0.0367,0.0387,6769365.0,2022-07-04
1656979200000,0.0385,0.0392,0.0364,0.0373,7965257.0,2022-07-05
1657065600000,0.0373,0.0436,0.0369,0.0396,36767883.0,2022-07-06
1657152000000,0.0396,0.0688,0.0393,0.0506,426931633.0,2022-07-07
1657238400000,0.0506,0.0514,0.0433,0.0433,77006635.0,2022-07-08
1657324800000,0.0434,0.0458,0.0432,0.044,21022366.0,2022-07-09
1657411200000,0.0439,0.0482,0.0414,0.0421,33334369.0,2022-07-10
1657497600000,0.0421,0.0461,0.0395,0.0396,55803213.0,2022-07-11
1657584000000,0.0396,0.045,0.0395,0.0404,55881304.0,2022-07-12
1657670400000,0.0406,0.0465,0.0396,0.0446,63648089.0,2022-07-13
1657756800000,0.0446,0.054,0.0433,0.0463,89836630.0,2022-07-14
1657843200000,0.0464,0.0478,0.0448,0.0452,18145719.0,2022-07-15
1657929600000,0.0451,0.0482,0.044,0.048,16012579.0,2022-07-16
1658016000000,0.048,0.0509,0.0473,0.048,33936214.0,2022-07-17
1658102400000,0.0479,0.0517,0.0478,0.0501,18856228.0,2022-07-18
1658188800000,0.0501,0.0509,0.0478,0.0501,14389769.0,2022-07-19
1658275200000,0.05,0.0516,0.0479,0.048,16357986.0,2022-07-20
1658361600000,0.0481,0.0579,0.0462,0.0514,69326202.0,2022-07-21
1658448000000,0.0514,0.0526,0.0479,0.0483,14011463.0,2022-07-22
1658534400000,0.0483,0.0503,0.0481,0.0494,7139636.0,2022-07-23
1658620800000,0.0492,0.0613,0.0489,0.0527,69325505.0,2022-07-24
1658707200000,0.0527,0.0589,0.0483,0.0493,96960739.0,2022-07-25
1658793600000,0.0492,0.052,0.0461,0.0483,24901803.0,2022-07-26
1658880000000,0.0482,0.0546,0.0475,0.0509,41271085.0,2022-07-27
1658966400000,0.0508,0.0628,0.0503,0.0563,118438465.0,2022-07-28
1659052800000,0.0563,0.0595,0.0539,0.0556,40076481.0,2022-07-29
1659139200000,0.0555,0.0586,0.0536,0.054,19243940.0,2022-07-30
1659225600000,0.054,0.0578,0.054,0.0544,16583724.0,2022-07-31
1659312000000,0.0544,0.0562,0.0539,0.0555,12140405.0,2022-08-01
1659398400000,0.0554,0.0556,0.0524,0.0544,7856202.0,2022-08-02
1659484800000,0.0542,0.057,0.053,0.0549,9509537.0,2022-08-03
1659571200000,0.0548,0.0561,0.0533,0.0542,5740879.0,2022-08-04
1659657600000,0.0543,0.0563,0.0538,0.0556,9751116.0,2022-08-05
1659744000000,0.0556,0.0565,0.0547,0.0554,4953922.0,2022-08-06
1659830400000,0.0554,0.0564,0.0545,0.0555,5399076.0,2022-08-07
1659916800000,0.0555,0.0589,0.0551,0.057,10569522.0,2022-08-08
1660003200000,0.0571,0.0575,0.054,0.056,10094063.0,2022-08-09
1660089600000,0.0559,0.0577,0.0546,0.057,8945913.0,2022-08-10
1660176000000,0.0571,0.0582,0.0557,0.0563,7938790.0,2022-08-11
1660262400000,0.0562,0.0599,0.0557,0.0586,19354786.0,2022-08-12
1660348800000,0.0585,0.0642,0.0575,0.0628,47072229.0,2022-08-13
1660435200000,0.0628,0.0637,0.0568,0.0574,28152507.0,2022-08-14
1660521600000,0.0575,0.0619,0.0573,0.0597,30407254.0,2022-08-15
1660608000000,0.0597,0.0599,0.0558,0.0563,13827636.0,2022-08-16
1660694400000,0.0563,0.0586,0.055,0.0557,17286817.0,2022-08-17
1660780800000,0.0557,0.0595,0.0542,0.0545,21303043.0,2022-08-18
1660867200000,0.0544,0.0544,0.0472,0.0475,16605770.0,2022-08-19
1660953600000,0.0475,0.0519,0.0474,0.0499,10367005.0,2022-08-20
1661040000000,0.0499,0.0545,0.0497,0.0508,19809366.0,2022-08-21
1661126400000,0.0508,0.0508,0.0476,0.0494,5930620.0,2022-08-22
1661212800000,0.0495,0.0509,0.0481,0.0506,4819169.0,2022-08-23
1661299200000,0.0506,0.0563,0.049,0.0506,20595002.0,2022-08-24
1661385600000,0.0506,0.0528,0.0503,0.0512,5327018.0,2022-08-25
1661472000000,0.0512,0.0515,0.0469,0.0472,6572083.0,2022-08-26
1661558400000,0.0472,0.0478,0.046,0.0475,5633254.0,2022-08-27
1661644800000,0.0475,0.05,0.0465,0.0466,8202247.0,2022-08-28
1661731200000,0.0466,0.0488,0.0458,0.0483,7751734.0,2022-08-29
1661817600000,0.0484,0.0496,0.046,0.0468,4325396.0,2022-08-30
1661904000000,0.0469,0.0493,0.0469,0.0473,5069916.0,2022-08-31
1661990400000,0.0473,0.0481,0.0463,0.048,3486536.0,2022-09-01
1662076800000,0.048,0.0485,0.047,0.0474,3497649.0,2022-09-02
1662163200000,0.0474,0.0476,0.0468,0.0473,2056712.0,2022-09-03
1662249600000,0.0474,0.0483,0.0468,0.048,3248034.0,2022-09-04
1662336000000,0.0481,0.0484,0.0465,0.0474,4014506.0,2022-09-05
1662422400000,0.0474,0.0483,0.0443,0.0443,3928121.0,2022-09-06
1662508800000,0.0442,0.0474,0.0433,0.0463,4540206.0,2022-09-07
1662595200000,0.0464,0.0497,0.0455,0.0472,11878006.0,2022-09-08
1662681600000,0.0471,0.0495,0.0471,0.0489,6733916.0,2022-09-09
1662768000000,0.0489,0.0498,0.0483,0.0493,5005742.0,2022-09-10
1662854400000,0.0493,0.0506,0.0489,0.0496,4600277.0,2022-09-11
1662940800000,0.0495,0.0507,0.0484,0.0489,5013684.0,2022-09-12
1663027200000,0.0488,0.0492,0.045,0.0457,6236687.0,2022-09-13
1663113600000,0.0457,0.0466,0.0452,0.046,3514700.0,2022-09-14
1663200000000,0.046,0.0462,0.0434,0.0435,3938871.0,2022-09-15
1663286400000,0.0435,0.0447,0.0423,0.0431,6168152.0,2022-09-16
1663372800000,0.0432,0.0518,0.0431,0.0451,40510398.0,2022-09-17
1663459200000,0.045,0.048,0.042,0.0429,25856507.0,2022-09-18
1663545600000,0.043,0.0437,0.0413,0.0433,6140819.0,2022-09-19
1663632000000,0.0432,0.0437,0.0419,0.0422,3912772.0,2022-09-20
1663718400000,0.0421,0.0435,0.0402,0.0411,7541637.0,2022-09-21
1663804800000,0.0411,0.0434,0.0406,0.0432,4609224.0,2022-09-22
1663891200000,0.0432,0.0438,0.0413,0.043,3816892.0,2022-09-23
1663977600000,0.0429,0.0435,0.0422,0.0423,2248643.0,2022-09-24
1664064000000,0.0423,0.0428,0.0416,0.042,1885844.0,2022-09-25
1664150400000,0.0419,0.0425,0.0412,0.042,2630824.0,2022-09-26
1664236800000,0.042,0.0438,0.0414,0.0419,5726073.0,2022-09-27
1664323200000,0.0419,0.0426,0.0406,0.0423,2264514.0,2022-09-28
1664409600000,0.0422,0.046,0.0421,0.0436,22178658.0,2022-09-29
1664496000000,0.0437,0.049,0.0429,0.0437,32831158.0,2022-09-30
1664582400000,0.0437,0.0439,0.0418,0.043,5170437.0,2022-10-01
1664668800000,0.0429,0.0433,0.042,0.0421,3043260.0,2022-10-02
1664755200000,0.0421,0.0431,0.0418,0.0429,4166005.0,2022-10-03
1664841600000,0.0429,0.0439,0.0427,0.0438,3638487.0,2022-10-04
1664928000000,0.0437,0.0437,0.042,0.0427,3971832.0,2022-10-05
1665014400000,0.0428,0.0452,0.0424,0.0434,13113998.0,2022-10-06
1665100800000,0.0433,0.0447,0.0425,0.0428,10210575.0,2022-10-07
1665187200000,0.0428,0.0437,0.0426,0.043,2287417.0,2022-10-08
1665273600000,0.043,0.0431,0.0425,0.0426,2107902.0,2022-10-09
1665360000000,0.0425,0.0428,0.0411,0.0413,3763518.0,2022-10-10
1665446400000,0.0411,0.0413,0.04,0.0401,2572030.0,2022-10-11
1665532800000,0.0402,0.0404,0.0389,0.0393,6097279.0,2022-10-12
1665619200000,0.0393,0.0394,0.0357,0.039,4549705.0,2022-10-13
1665705600000,0.0391,0.041,0.0386,0.0396,6273359.0,2022-10-14
1665792000000,0.0396,0.0434,0.0395,0.0418,14018437.0,2022-10-15
1665878400000,0.0421,0.0714,0.0412,0.0415,309254271.0,2022-10-16
1665964800000,0.0416,0.0426,0.0405,0.0413,27326237.0,2022-10-17
1666051200000,0.0413,0.0415,0.0403,0.0406,9553022.0,2022-10-18
1666137600000,0.0406,0.0407,0.0389,0.0392,7921097.0,2022-10-19
1666224000000,0.0391,0.0438,0.0389,0.0405,41740882.0,2022-10-20
1666310400000,0.0406,0.0418,0.039,0.0405,8481807.0,2022-10-21
1666396800000,0.0405,0.0484,0.04,0.0413,58427227.0,2022-10-22
1666483200000,0.0412,0.044,0.0409,0.0423,18713202.0,2022-10-23
1666569600000,0.0424,0.0426,0.0411,0.0412,7054022.0,2022-10-24
1666656000000,0.0412,0.0441,0.041,0.0431,9602450.0,2022-10-25
1666742400000,0.0431,0.0445,0.043,0.0438,6036039.0,2022-10-26
1666828800000,0.044,0.0448,0.0428,0.0428,6418768.0,2022-10-27
1666915200000,0.0429,0.0436,0.0397,0.0433,7078976.0,2022-10-28
1667001600000,0.0433,0.0449,0.0433,0.0443,6436923.0,2022-10-29
1667088000000,0.0442,0.0445,0.0431,0.0434,3174082.0,2022-10-30
1667174400000,0.0434,0.0436,0.0424,0.0427,4500168.0,2022-10-31
1667260800000,0.0428,0.0432,0.0424,0.0426,2680154.0,2022-11-01
1667347200000,0.0426,0.0428,0.0407,0.0412,6211584.0,2022-11-02
1667433600000,0.041,0.0437,0.041,0.0428,5985248.0,2022-11-03
1667520000000,0.0428,0.0449,0.0421,0.0448,10598810.0,2022-11-04
1667606400000,0.0449,0.0453,0.0442,0.0442,6105913.0,2022-11-05
1667692800000,0.0443,0.047,0.0435,0.0436,11612618.0,2022-11-06
1667779200000,0.0435,0.0443,0.0422,0.0426,5288624.0,2022-11-07
1667865600000,0.0426,0.0429,0.0355,0.0364,15982817.0,2022-11-08
1667952000000,0.0365,0.0365,0.0284,0.0288,12621321.0,2022-11-09
1668038400000,0.0288,0.0343,0.0287,0.0337,10043237.0,2022-11-10
1668124800000,0.0339,0.034,0.0302,0.0315,6530220.0,2022-11-11
1668211200000,0.0314,0.0315,0.0281,0.0297,7347673.0,2022-11-12
1668297600000,0.0296,0.0316,0.0292,0.0302,13178632.0,2022-11-13
1668384000000,0.03,0.0311,0.0282,0.0304,6624453.0,2022-11-14
1668470400000,0.0306,0.0318,0.0303,0.0308,3807489.0,2022-11-15
1668556800000,0.0308,0.0334,0.0305,0.0317,20648857.0,2022-11-16
1668643200000,0.0316,0.0321,0.0306,0.0313,7274180.0,2022-11-17
1668729600000,0.0313,0.0317,0.0309,0.0311,3136766.0,2022-11-18
1668816000000,0.0311,0.0316,0.0304,0.0313,3469777.0,2022-11-19
1668902400000,0.0314,0.0339,0.0298,0.0306,13738212.0,2022-11-20
1668988800000,0.0306,0.0307,0.0287,0.0294,6415329.0,2022-11-21
1669075200000,0.0294,0.0318,0.0278,0.0314,27541487.0,2022-11-22
1669161600000,0.0314,0.0332,0.0312,0.033,13638986.0,2022-11-23
1669248000000,0.0331,0.0335,0.0318,0.0323,8056025.0,2022-11-24
1669334400000,0.0323,0.0323,0.0312,0.0322,3263834.0,2022-11-25
1669420800000,0.0322,0.0345,0.0321,0.034,17883329.0,2022-11-26
1669507200000,0.0339,0.0351,0.0329,0.0329,17214851.0,2022-11-27
1669593600000,0.033,0.0335,0.0313,0.0328,8981879.0,2022-11-28
1669680000000,0.0329,0.0363,0.0326,0.0339,29381458.0,2022-11-29
1669766400000,0.034,0.0356,0.0337,0.0353,15574186.0,2022-11-30
1669852800000,0.0354,0.0355,0.0342,0.0345,6904801.0,2022-12-01
1669939200000,0.0346,0.0351,0.0339,0.0347,5636566.0,2022-12-02
1670025600000,0.0348,0.0362,0.0337,0.034,8882284.0,2022-12-03
1670112000000,0.034,0.0358,0.0336,0.0351,5717286.0,2022-12-04
1670198400000,0.0351,0.0363,0.0339,0.0342,5042646.0,2022-12-05
1670284800000,0.0342,0.0401,0.0339,0.0346,55506362.0,2022-12-06
1670371200000,0.0347,0.0349,0.0327,0.0334,9501167.0,2022-12-07
1670457600000,0.0334,0.0345,0.0328,0.0344,5103746.0,2022-12-08
1670544000000,0.0344,0.0352,0.034,0.0347,3793172.0,2022-12-09
1670630400000,0.0348,0.0411,0.0337,0.0339,83506565.0,2022-12-10
1670716800000,0.0338,0.0343,0.0331,0.0332,7539782.0,2022-12-11
1670803200000,0.0332,0.0333,0.0326,0.0332,4494741.0,2022-12-12
1670889600000,0.0331,0.0333,0.0311,0.033,5493848.0,2022-12-13
1670976000000,0.033,0.0355,0.032,0.0329,15863239.0,2022-12-14
1671062400000,0.033,0.0334,0.0324,0.0324,4136057.0,2022-12-15
1671148800000,0.0325,0.0329,0.0286,0.0288,6173970.0,2022-12-16
1671235200000,0.0287,0.03,0.0282,0.0298,4550069.0,2022-12-17
1671321600000,0.0299,0.0301,0.0295,0.0299,1721358.0,2022-12-18
1671408000000,0.03,0.0305,0.028,0.0283,4840658.0,2022-12-19
1671494400000,0.0282,0.03,0.0282,0.0297,3019164.0,2022-12-20
1671580800000,0.0295,0.0296,0.0289,0.0292,1842090.0,2022-12-21
1671667200000,0.0291,0.0295,0.0282,0.029,1948374.0,2022-12-22
1671753600000,0.029,0.0295,0.0287,0.0293,2269996.0,2022-12-23
1671840000000,0.0294,0.0307,0.0293,0.0296,9752857.0,2022-12-24
1671926400000,0.0297,0.0298,0.0292,0.0294,1964796.0,2022-12-25
1672012800000,0.0294,0.031,0.0292,0.0302,12557274.0,2022-12-26
1672099200000,0.0302,0.0306,0.0289,0.029,9122929.0,2022-12-27
1672185600000,0.029,0.0291,0.0283,0.0283,4052346.0,2022-12-28
1672272000000,0.0284,0.0313,0.0281,0.0285,20212451.0,2022-12-29
1672358400000,0.0284,0.0286,0.0276,0.0281,3490554.0,2022-12-30
1672444800000,0.0282,0.0285,0.028,0.0282,1909609.0,2022-12-31
1672531200000,0.0281,0.0282,0.0279,0.0282,1501352.0,2023-01-01
1672617600000,0.0281,0.0286,0.0278,0.0284,6340688.0,2023-01-02
1672704000000,0.0284,0.0286,0.028,0.0283,2397513.0,2023-01-03
1672790400000,0.0284,0.029,0.0283,0.0287,2539637.0,2023-01-04
1672876800000,0.0287,0.0304,0.0284,0.0294,10967624.0,2023-01-05
1672963200000,0.0293,0.0294,0.0281,0.0289,7431423.0,2023-01-06
1673049600000,0.0289,0.0292,0.0288,0.0291,2388530.0,2023-01-07
1673136000000,0.0292,0.0301,0.029,0.0301,3861962.0,2023-01-08
1673222400000,0.0301,0.031,0.03,0.0301,7457083.0,2023-01-09
1673308800000,0.0301,0.0313,0.0296,0.0305,7179748.0,2023-01-10
1673395200000,0.0304,0.0308,0.0297,0.0308,5056640.0,2023-01-11
1673481600000,0.0307,0.0316,0.0299,0.0311,7134200.0,2023-01-12
1673568000000,0.0312,0.0327,0.0308,0.0323,8143226.0,2023-01-13
1673654400000,0.0323,0.0345,0.0318,0.034,18806052.0,2023-01-14
1673740800000,0.0339,0.0344,0.0312,0.0331,10107634.0,2023-01-15
1673827200000,0.0331,0.0341,0.033,0.0335,9208231.0,2023-01-16
1673913600000,0.0334,0.035,0.033,0.0334,14696265.0,2023-01-17
1674000000000,0.0333,0.0341,0.0303,0.031,12150773.0,2023-01-18
1674086400000,0.031,0.0344,0.0308,0.0334,21901878.0,2023-01-19
1674172800000,0.0333,0.0353,0.033,0.0343,17681368.0,2023-01-20
1674259200000,0.0343,0.0354,0.0335,0.0336,18821504.0,2023-01-21
1674345600000,0.0336,0.0346,0.0323,0.0332,15888921.0,2023-01-22
1674432000000,0.0332,0.0351,0.0331,0.0347,15890193.0,2023-01-23
1674518400000,0.0347,0.0368,0.0337,0.0339,26889233.0,2023-01-24
1674604800000,0.0339,0.0355,0.033,0.0346,9468814.0,2023-01-25
1674691200000,0.0345,0.038,0.0341,0.0358,26586521.0,2023-01-26
1674777600000,0.0358,0.0384,0.0348,0.0374,19769797.0,2023-01-27
1674864000000,0.0373,0.0378,0.036,0.0364,7596279.0,2023-01-28
1674950400000,0.0363,0.0386,0.0361,0.0376,11891435.0,2023-01-29
1675036800000,0.0375,0.0383,0.0346,0.0354,11603485.0,2023-01-30
1675123200000,0.0353,0.0373,0.0352,0.0364,9603584.0,2023-01-31
1675209600000,0.0364,0.0377,0.0349,0.0374,9443013.0,2023-02-01
1675296000000,0.0375,0.0442,0.037,0.0414,113029625.0,2023-02-02
1675382400000,0.0413,0.043,0.0404,0.0416,54400615.0,2023-02-03
1675468800000,0.0416,0.0439,0.041,0.0418,39507761.0,2023-02-04
1675555200000,0.0419,0.0435,0.0392,0.0401,37483170.0,2023-02-05
1675641600000,0.0401,0.0421,0.0396,0.041,12946258.0,2023-02-06
1675728000000,0.041,0.0437,0.041,0.0427,22432180.0,2023-02-07
1675814400000,0.0427,0.0451,0.0416,0.0432,36634087.0,2023-02-08
1675900800000,0.0433,0.0437,0.0384,0.0393,18396981.0,2023-02-09
1675987200000,0.0391,0.0406,0.0385,0.0388,10691320.0,2023-02-10
1676073600000,0.0388,0.0406,0.0386,0.0403,5919554.0,2023-02-11
1676160000000,0.0403,0.0414,0.0393,0.0395,6836682.0,2023-02-12
1676246400000,0.0394,0.0397,0.0371,0.0388,12658125.0,2023-02-13
1676332800000,0.0389,0.04,0.0374,0.0396,14630136.0,2023-02-14
1676419200000,0.0396,0.0417,0.0392,0.0415,16716323.0,2023-02-15
1676505600000,0.0415,0.0518,0.0412,0.0417,114929297.0,2023-02-16
1676592000000,0.0417,0.044,0.0412,0.0428,28187635.0,2023-02-17
1676678400000,0.0429,0.0441,0.0426,0.0434,16504728.0,2023-02-18
1676764800000,0.0434,0.046,0.0432,0.044,26427493.0,2023-02-19
1676851200000,0.044,0.0502,0.0436,0.0478,54196889.0,2023-02-20
1676937600000,0.0479,0.0545,0.0459,0.0489,176922210.0,2023-02-21
1677024000000,0.0488,0.049,0.0435,0.0462,38565259.0,2023-02-22
1677110400000,0.0462,0.0489,0.0457,0.0471,24659432.0,2023-02-23
1677196800000,0.0471,0.0473,0.0425,0.0432,20013768.0,2023-02-24
1677283200000,0.0432,0.045,0.0424,0.0442,13911879.0,2023-02-25
1677369600000,0.0443,0.0455,0.0438,0.045,9361655.0,2023-02-26
1677456000000,0.0451,0.0455,0.0415,0.0429,16222442.0,2023-02-27
1677542400000,0.043,0.046,0.0421,0.0432,38685640.0,2023-02-28
1677628800000,0.0431,0.0446,0.0431,0.0441,10793137.0,2023-03-01
1677715200000,0.0441,0.0441,0.0421,0.043,11482115.0,2023-03-02
1677801600000,0.0432,0.0432,0.0379,0.0382,17076008.0,2023-03-03
1677888000000,0.0382,0.0385,0.0367,0.0371,12920458.0,2023-03-04
1677974400000,0.0373,0.0389,0.0371,0.0379,5350522.0,2023-03-05
1678060800000,0.0379,0.0381,0.0367,0.0378,6408796.0,2023-03-06
1678147200000,0.0379,0.0383,0.0358,0.0365,8962553.0,2023-03-07
1678233600000,0.0366,0.0368,0.0347,0.0352,6051469.0,2023-03-08
1678320000000,0.0351,0.0354,0.0314,0.0326,10992236.0,2023-03-09
1678406400000,0.0325,0.0326,0.0298,0.0321,13040211.0,2023-03-10
1678492800000,0.0322,0.0327,0.03,0.0316,10877780.0,2023-03-11
1678579200000,0.0316,0.0335,0.0307,0.0335,12753507.0,2023-03-12
1678665600000,0.0336,0.0351,0.0321,0.0346,19538517.0,2023-03-13
1678752000000,0.0346,0.0365,0.0338,0.0356,17212367.0,2023-03-14
1678838400000,0.0356,0.0368,0.0329,0.0333,14028911.0,2023-03-15
1678924800000,0.0334,0.0345,0.0331,0.0342,6179226.0,2023-03-16
1679011200000,0.0342,0.0366,0.0339,0.0363,10615876.0,2023-03-17
1679097600000,0.0364,0.0366,0.0343,0.0344,11390873.0,2023-03-18
1679184000000,0.0343,0.0362,0.0342,0.0349,13304720.0,2023-03-19
1679270400000,0.035,0.0359,0.0328,0.033,17264390.0,2023-03-20
1679356800000,0.033,0.0355,0.0328,0.0347,15966566.0,2023-03-21
1679443200000,0.0348,0.0352,0.0313,0.0326,14654981.0,2023-03-22
1679529600000,0.0326,0.0342,0.0326,0.0335,8434728.0,2023-03-23
1679616000000,0.0335,0.0336,0.0321,0.0327,9022391.0,2023-03-24
1679702400000,0.0327,0.0335,0.032,0.0325,6299727.0,2023-03-25
1679788800000,0.0326,0.034,0.0324,0.0334,11413202.0,2023-03-26
1679875200000,0.0333,0.0348,0.0317,0.0321,18925164.0,2023-03-27
1679961600000,0.032,0.0331,0.0314,0.0327,10814050.0,2023-03-28
1680048000000,0.0328,0.0341,0.0327,0.0338,10781370.0,2023-03-29
1680134400000,0.0338,0.0345,0.0322,0.033,12242072.0,2023-03-30
1680220800000,0.0331,0.034,0.0327,0.0338,9559217.0,2023-03-31
1680307200000,0.0337,0.034,0.033,0.0337,6259612.0,2023-04-01
1680393600000,0.0338,0.0378,0.0333,0.0341,93130539.0,2023-04-02
1680480000000,0.0341,0.0349,0.0328,0.034,28284032.0,2023-04-03
1680566400000,0.0341,0.0346,0.0335,0.0342,10741754.0,2023-04-04
1680652800000,0.0343,0.0359,0.0338,0.0351,22918299.0,2023-04-05
1680739200000,0.0351,0.0354,0.034,0.0351,16236850.0,2023-04-06
1680825600000,0.035,0.0368,0.034,0.0352,28004656.0,2023-04-07
1680912000000,0.0353,0.0588,0.035,0.0374,994783461.0,2023-04-08
1680998400000,0.0374,0.0398,0.0362,0.0369,110158530.0,2023-04-09
1681084800000,0.0369,0.0473,0.0355,0.0402,217746349.0,2023-04-10
1681171200000,0.0402,0.0407,0.0372,0.0376,85105157.0,2023-04-11
1681257600000,0.0377,0.0378,0.0358,0.0367,31049509.0,2023-04-12
1681344000000,0.0367,0.038,0.0359,0.037,24358118.0,2023-04-13
1681430400000,0.037,0.0392,0.0369,0.0381,45110056.0,2023-04-14
1681516800000,0.038,0.0383,0.037,0.0379,21136382.0,2023-04-15
1681603200000,0.0379,0.0387,0.0372,0.0382,23890990.0,2023-04-16
1681689600000,0.0382,0.0383,0.0366,0.0368,26221701.0,2023-04-17
1681776000000,0.0368,0.03865,0.0366,0.03788,26179430.0,2023-04-18
1681862400000,0.03787,0.03791,0.0344,0.03477,24118676.0,2023-04-19
1681948800000,0.03475,0.04489,0.03438,0.04092,539463867.0,2023-04-20
1682035200000,0.04083,0.04186,0.0348,0.03505,192271427.0,2023-04-21
1682121600000,0.03508,0.03539,0.03393,0.03518,44479208.0,2023-04-22
1682208000000,0.03519,0.03586,0.03283,0.03377,37125274.0,2023-04-23
1682294400000,0.03372,0.03435,0.033,0.03366,22255179.0,2023-04-24
1682380800000,0.03364,0.0343,0.03284,0.034,27877327.0,2023-04-25
1682467200000,0.03402,0.03522,0.0322,0.0334,28788477.0,2023-04-26
1682553600000,0.03339,0.03422,0.03306,0.03372,18027264.0,2023-04-27
1682640000000,0.03375,0.03404,0.0328,0.03315,11731089.0,2023-04-28
1682726400000,0.03311,0.03523,0.03311,0.03405,33323125.0,2023-04-29
1682812800000,0.03408,0.03561,0.03337,0.03344,43650262.0,2023-04-30
1682899200000,0.03343,0.03366,0.03202,0.03247,13415472.0,2023-05-01
1682985600000,0.03247,0.03291,0.03214,0.03269,13608496.0,2023-05-02
1683072000000,0.03267,0.03269,0.03082,0.03223,21285782.0,2023-05-03
1683158400000,0.03224,0.03243,0.03149,0.03182,9506769.0,2023-05-04
1683244800000,0.03183,0.0326,0.03175,0.03203,12743039.0,2023-05-05
1683331200000,0.03201,0.03221,0.02937,0.02985,20175798.0,2023-05-06
1683417600000,0.02986,0.03059,0.02967,0.03001,13272278.0,2023-05-07
1683504000000,0.03003,0.03025,0.02717,0.02778,18609708.0,2023-05-08
1683590400000,0.02779,0.02838,0.02777,0.02824,7035113.0,2023-05-09
1683676800000,0.02828,0.02931,0.02791,0.02892,14911146.0,2023-05-10
1683763200000,0.02892,0.02893,0.0265,0.02671,14014053.0,2023-05-11
1683849600000,0.0267,0.02782,0.02502,0.02772,15781908.0,2023-05-12
1683936000000,0.02773,0.02773,0.02693,0.02717,8940102.0,2023-05-13
1684022400000,0.02714,0.02778,0.0269,0.0273,6137467.0,2023-05-14
1684108800000,0.02731,0.028,0.02693,0.02779,5190418.0,2023-05-15
1684195200000,0.02771,0.02856,0.02733,0.02801,18666276.0,2023-05-16
1684281600000,0.02801,0.02881,0.02762,0.02847,8241218.0,2023-05-17
1684368000000,0.02842,0.02885,0.02773,0.02819,8434969.0,2023-05-18
1684454400000,0.0282,0.02832,0.02784,0.02801,6028786.0,2023-05-19
1684540800000,0.028,0.02854,0.02781,0.02828,6026007.0,2023-05-20
1684627200000,0.02829,0.02854,0.02724,0.02732,6345129.0,2023-05-21
1684713600000,0.02732,0.02769,0.027,0.02717,5144005.0,2023-05-22
1684800000000,0.02717,0.02771,0.02695,0.02755,5569854.0,2023-05-23
1684886400000,0.0276,0.02761,0.02633,0.02678,7558397.0,2023-05-24
1684972800000,0.02676,0.02816,0.02675,0.02782,22064393.0,2023-05-25
1685059200000,0.02782,0.02789,0.027,0.02727,9696042.0,2023-05-26
1685145600000,0.02729,0.02759,0.02702,0.02749,4518904.0,2023-05-27
1685232000000,0.02747,0.0283,0.02738,0.02806,4370509.0,2023-05-28
1685318400000,0.02806,0.02916,0.02762,0.0288,24952326.0,2023-05-29
1685404800000,0.02874,0.03193,0.0284,0.0286,103866625.0,2023-05-30
1685491200000,0.0286,0.02891,0.02731,0.02753,12262671.0,2023-05-31
1685577600000,0.0275,0.02789,0.02713,0.02763,7500880.0,2023-06-01
1685664000000,0.02761,0.03196,0.02758,0.03017,131943305.0,2023-06-02
1685750400000,0.0302,0.032,0.0291,0.0293,62999163.0,2023-06-03
1685836800000,0.02929,0.02967,0.02901,0.02918,16117343.0,2023-06-04
1685923200000,0.02918,0.02952,0.02554,0.026,27120360.0,2023-06-05
1686009600000,0.02598,0.02638,0.02412,0.02603,24881404.0,2023-06-06
1686096000000,0.026,0.02648,0.02406,0.02431,20342701.0,2023-06-07
1686182400000,0.02436,0.02513,0.02387,0.0248,9521773.0,2023-06-08
1686268800000,0.02472,0.0255,0.02451,0.02471,13358973.0,2023-06-09
1686355200000,0.02471,0.02471,0.0206,0.02156,20601082.0,2023-06-10
1686441600000,0.02159,0.02211,0.02113,0.02127,10971083.0,2023-06-11
1686528000000,0.02127,0.02156,0.02075,0.02131,12662004.0,2023-06-12
1686614400000,0.02137,0.022,0.02119,0.02195,14142067.0,2023-06-13
1686700800000,0.02199,0.02209,0.02058,0.02069,10958145.0,2023-06-14
1686787200000,0.02069,0.02138,0.02034,0.021,8233985.0,2023-06-15
1686873600000,0.02099,0.02198,0.02089,0.02183,14348180.0,2023-06-16
1686960000000,0.0218,0.02247,0.02167,0.02202,5001417.0,2023-06-17
1687046400000,0.022,0.02215,0.0217,0.02179,4919657.0,2023-06-18
1687132800000,0.0218,0.02397,0.02171,0.02289,65817556.0,2023-06-19
1687219200000,0.02286,0.0237,0.02204,0.02305,21231537.0,2023-06-20
1687305600000,0.02308,0.024,0.02291,0.0236,45097616.0,2023-06-21
1687392000000,0.02363,0.02419,0.0231,0.02345,21239701.0,2023-06-22
1687478400000,0.02335,0.02482,0.02327,0.02443,22971526.0,2023-06-23
1687564800000,0.02448,0.02464,0.02363,0.02435,15581572.0,2023-06-24
1687651200000,0.02435,0.02539,0.0243,0.0244,13679092.0,2023-06-25
1687737600000,0.02439,0.0244,0.02341,0.02349,13870400.0,2023-06-26
1687824000000,0.02353,0.02457,0.02353,0.02425,15932637.0,2023-06-27
1687910400000,0.02422,0.02422,0.02249,0.02261,8881539.0,2023-06-28
1687996800000,0.0226,0.02305,0.02208,0.02233,12356739.0,2023-06-29
1688083200000,0.0223,0.02336,0.0217,0.02295,14578656.0,2023-06-30
1688169600000,0.02305,0.02367,0.02257,0.02352,9207211.0,2023-07-01
1688256000000,0.02357,0.02377,0.0226,0.02305,17459907.0,2023-07-02
1688342400000,0.02308,0.02653,0.02296,0.0244,64279255.0,2023-07-03
1688428800000,0.02438,0.0262,0.02424,0.02469,70009816.0,2023-07-04
1688515200000,0.02475,0.02479,0.02336,0.02355,26097427.0,2023-07-05
1688601600000,0.02352,0.02519,0.02315,0.02333,22947693.0,2023-07-06
1688688000000,0.02337,0.02411,0.02295,0.02384,13706409.0,2023-07-07
1688774400000,0.0239,0.02618,0.0237,0.02505,80118132.0,2023-07-08
1688860800000,0.02511,0.0308,0.02464,0.02865,453786528.0,2023-07-09
1688947200000,0.02868,0.02872,0.026,0.02643,155596243.0,2023-07-10
1689033600000,0.02643,0.0289,0.02529,0.02597,100643865.0,2023-07-11
1689120000000,0.02595,0.02666,0.0252,0.02543,19333835.0,2023-07-12
1689206400000,0.02544,0.02642,0.02533,0.02623,37400716.0,2023-07-13
1689292800000,0.02628,0.02667,0.02434,0.02498,36697066.0,2023-07-14
1689379200000,0.02498,0.02565,0.02481,0.02527,13716724.0,2023-07-15
1689465600000,0.02529,0.02552,0.02439,0.02444,10164648.0,2023-07-16
1689552000000,0.02442,0.02501,0.02374,0.02422,11939943.0,2023-07-17
1689638400000,0.02422,0.0244,0.02355,0.02376,8975048.0,2023-07-18
1689724800000,0.02376,0.025,0.02375,0.02394,19617066.0,2023-07-19
1689811200000,0.02391,0.02455,0.02379,0.02408,10174681.0,2023-07-20
1689897600000,0.02409,0.02439,0.02392,0.02412,7900767.0,2023-07-21
1689984000000,0.02415,0.02449,0.0239,0.02405,5249771.0,2023-07-22
1690070400000,0.02407,0.02434,0.0236,0.02428,12758450.0,2023-07-23
1690156800000,0.02428,0.02432,0.02213,0.02249,13278637.0,2023-07-24
1690243200000,0.02249,0.02383,0.02245,0.02307,13962292.0,2023-07-25
1690329600000,0.02303,0.02321,0.02266,0.02299,5966442.0,2023-07-26
1690416000000,0.023,0.02408,0.02294,0.02344,14657360.0,2023-07-27
1690502400000,0.02344,0.02363,0.02317,0.02325,7651814.0,2023-07-28
1690588800000,0.02326,0.02389,0.02324,0.02369,5113433.0,2023-07-29
1690675200000,0.0237,0.02391,0.02324,0.02355,8386443.0,2023-07-30
1690761600000,0.02356,0.0247,0.02301,0.02325,51209546.0,2023-07-31
1690848000000,0.02324,0.02338,0.02244,0.02317,9557867.0,2023-08-01
1690934400000,0.02319,0.02333,0.02259,0.02271,6393407.0,2023-08-02
1691020800000,0.02271,0.02283,0.02225,0.02235,8107979.0,2023-08-03
1691107200000,0.02234,0.02238,0.02152,0.02177,11672070.0,2023-08-04
1691193600000,0.02179,0.02182,0.02143,0.02172,9969022.0,2023-08-05
1691280000000,0.02175,0.02288,0.02172,0.02242,18467995.0,2023-08-06
1691366400000,0.02243,0.02283,0.02111,0.02196,33341731.0,2023-08-07
1691452800000,0.02191,0.02253,0.02159,0.02216,16752030.0,2023-08-08
1691539200000,0.02218,0.02246,0.02152,0.02181,18243228.0,2023-08-09
1691625600000,0.02185,0.02202,0.02161,0.02176,9375513.0,2023-08-10
1691712000000,0.02177,0.0219,0.02161,0.02164,4168754.0,2023-08-11
1691798400000,0.02165,0.02205,0.02163,0.02191,7076481.0,2023-08-12
1691884800000,0.02194,0.0229,0.02186,0.02253,29678164.0,2023-08-13
1691971200000,0.02255,0.02367,0.02242,0.02308,27702910.0,2023-08-14
1692057600000,0.02309,0.02369,0.02164,0.02179,34694397.0,2023-08-15
1692144000000,0.02182,0.02217,0.01999,0.02022,26958186.0,2023-08-16
1692230400000,0.0202,0.02057,0.01837,0.01883,29774073.0,2023-08-17
1692316800000,0.01889,0.01972,0.01851,0.01949,19443420.0,2023-08-18
1692403200000,0.0195,0.01979,0.01918,0.01942,11201283.0,2023-08-19
1692489600000,0.01942,0.01998,0.0192,0.01985,14137682.0,2023-08-20
1692576000000,0.0199,0.02008,0.01896,0.01923,16433840.0,2023-08-21
1692662400000,0.01928,0.01951,0.01862,0.01916,11894324.0,2023-08-22
1692748800000,0.01912,0.01966,0.01886,0.01935,13704130.0,2023-08-23
1692835200000,0.01936,0.01936,0.01871,0.01888,11272709.0,2023-08-24
1692921600000,0.01887,0.01908,0.01843,0.01888,8972799.0,2023-08-25
1693008000000,0.01889,0.01917,0.01853,0.01858,9690137.0,2023-08-26
1693094400000,0.01859,0.01901,0.01851,0.01881,7129200.0,2023-08-27
1693180800000,0.01885,0.01901,0.01849,0.01884,11613996.0,2023-08-28
1693267200000,0.01888,0.01942,0.01841,0.0192,11130900.0,2023-08-29
1693353600000,0.01925,0.0194,0.01881,0.01923,17405081.0,2023-08-30
1693440000000,0.01921,0.01993,0.01843,0.01862,22858311.0,2023-08-31
1693526400000,0.01864,0.0191,0.01805,0.01892,19366806.0,2023-09-01
1693612800000,0.01895,0.0196,0.01869,0.01912,20569267.0,2023-09-02
1693699200000,0.01911,0.01924,0.01874,0.01898,7957052.0,2023-09-03
1693785600000,0.01897,0.01943,0.01896,0.01931,10422534.0,2023-09-04
1693872000000,0.01934,0.02049,0.01905,0.01987,32660254.0,2023-09-05
1693958400000,0.01989,0.02063,0.0194,0.01964,33202052.0,2023-09-06
1694044800000,0.01964,0.02162,0.01957,0.02063,73889682.0,2023-09-07
1694131200000,0.02062,0.02067,0.02,0.02032,17692990.0,2023-09-08
1694217600000,0.02032,0.02054,0.01974,0.0199,12808485.0,2023-09-09
1694304000000,0.01991,0.01991,0.01832,0.01869,20295632.0,2023-09-10
1694390400000,0.0187,0.01876,0.01732,0.0176,14590626.0,2023-09-11
1694476800000,0.0176,0.01824,0.01757,0.01769,9689767.0,2023-09-12
1694563200000,0.01772,0.01805,0.01741,0.01789,5131151.0,2023-09-13
1694649600000,0.01791,0.01815,0.01774,0.01783,6112003.0,2023-09-14
1694736000000,0.01784,0.01825,0.01761,0.01811,7309505.0,2023-09-15
1694822400000,0.01813,0.01889,0.01804,0.01865,26176868.0,2023-09-16
1694908800000,0.01861,0.01958,0.01823,0.01862,40151250.0,2023-09-17
1694995200000,0.01865,0.01946,0.0184,0.01901,23338299.0,2023-09-18
1695081600000,0.01902,0.01929,0.01866,0.01906,15096377.0,2023-09-19
1695168000000,0.01905,0.01963,0.019,0.01936,15791605.0,2023-09-20
1695254400000,0.01934,0.01944,0.01821,0.0183,14757030.0,2023-09-21
1695340800000,0.01829,0.01975,0.01812,0.01965,22282335.0,2023-09-22
1695427200000,0.01966,0.02158,0.01944,0.02019,141370909.0,2023-09-23
1695513600000,0.02019,0.0203,0.019,0.01917,32624120.0,2023-09-24
1695600000000,0.01917,0.02003,0.01906,0.0197,15576075.0,2023-09-25
1695686400000,0.01973,0.01985,0.01905,0.01941,12401244.0,2023-09-26
1695772800000,0.01942,0.02,0.01911,0.01928,12784068.0,2023-09-27
1695859200000,0.01928,0.01966,0.01912,0.0194,10169160.0,2023-09-28
1695945600000,0.0194,0.01985,0.01931,0.01964,9421468.0,2023-09-29
1696032000000,0.01961,0.02022,0.0196,0.01994,8866453.0,2023-09-30
1696118400000,0.01992,0.02061,0.01977,0.02058,10397752.0,2023-10-01
1696204800000,0.02055,0.02055,0.01972,0.01993,11250918.0,2023-10-02
1696291200000,0.01993,0.01999,0.01947,0.0195,8909442.0,2023-10-03
1696377600000,0.01951,0.01952,0.01889,0.0191,11572054.0,2023-10-04
1696464000000,0.01911,0.01933,0.01862,0.01862,9117549.0,2023-10-05
1696550400000,0.01862,0.01903,0.01862,0.01895,3510537.0,2023-10-06
1696636800000,0.01896,0.01908,0.01873,0.01891,9172991.0,2023-10-07
1696723200000,0.01891,0.01907,0.01858,0.0189,3499483.0,2023-10-08
1696809600000,0.01897,0.01905,0.01779,0.01794,11825119.0,2023-10-09
1696896000000,0.01795,0.01803,0.0177,0.01783,5593666.0,2023-10-10
1696982400000,0.01785,0.01802,0.01756,0.01775,8098069.0,2023-10-11
1697068800000,0.01774,0.01775,0.01725,0.01756,5552307.0,2023-10-12
1697155200000,0.01756,0.01818,0.01739,0.01798,7697198.0,2023-10-13
1697241600000,0.01799,0.01849,0.01786,0.01815,9558806.0,2023-10-14
1697328000000,0.01815,0.019,0.01808,0.01853,17589357.0,2023-10-15
1697414400000,0.01854,0.02035,0.01847,0.01965,51932955.0,2023-10-16
1697500800000,0.01966,0.02101,0.01883,0.01905,66281253.0,2023-10-17
1697587200000,0.01908,0.0193,0.01832,0.01857,15918363.0,2023-10-18
1697673600000,0.01856,0.01863,0.0179,0.01805,10046257.0,2023-10-19
1697760000000,0.01802,0.01862,0.0179,0.01843,6661463.0,2023-10-20
1697846400000,0.01842,0.01955,0.01836,0.0192,14635396.0,2023-10-21
1697932800000,0.01918,0.0195,0.01867,0.01921,8983333.0,2023-10-22
1698019200000,0.01922,0.02012,0.0191,0.02007,16337787.0,2023-10-23
1698105600000,0.02006,0.0211,0.01985,0.02029,30486748.0,2023-10-24
1698192000000,0.02029,0.02062,0.01972,0.02044,16530092.0,2023-10-25
1698278400000,0.02043,0.02092,0.01967,0.02009,21555860.0,2023-10-26
1698364800000,0.02008,0.02063,0.01971,0.02036,15457164.0,2023-10-27
1698451200000,0.02036,0.0209,0.02025,0.02078,15005582.0,2023-10-28
1698537600000,0.02078,0.02099,0.02025,0.02093,10975479.0,2023-10-29
1698624000000,0.02091,0.02149,0.0207,0.02138,15020365.0,2023-10-30
1698710400000,0.02138,0.02156,0.02008,0.02056,19409830.0,2023-10-31
1698796800000,0.02059,0.02088,0.01987,0.02082,16177317.0,2023-11-01
1698883200000,0.0208,0.02121,0.02,0.0209,19972720.0,2023-11-02
1698969600000,0.0209,0.02096,0.01986,0.02076,16182428.0,2023-11-03
1699056000000,0.0208,0.0215,0.02065,0.02125,18164476.0,2023-11-04
1699142400000,0.02124,0.02197,0.02112,0.02161,21694455.0,2023-11-05
1699228800000,0.02155,0.0225,0.02119,0.02242,26587929.0,2023-11-06
1699315200000,0.02238,0.02264,0.02134,0.02232,24543818.0,2023-11-07
1699401600000,0.02228,0.0241,0.02209,0.02257,72277017.0,2023-11-08
1699488000000,0.02259,0.02394,0.02135,0.02247,63839791.0,2023-11-09
1699574400000,0.02248,0.02383,0.02226,0.0231,76032767.0,2023-11-10
1699660800000,0.02311,0.0248,0.02249,0.02405,49843683.0,2023-11-11
1699747200000,0.02405,0.02559,0.02327,0.02466,80481224.0,2023-11-12
1699833600000,0.02465,0.02495,0.02295,0.02298,46133170.0,2023-11-13
1699920000000,0.02295,0.0244,0.02259,0.02411,62954207.0,2023-11-14
1700006400000,0.02411,0.02516,0.02388,0.02473,42421202.0,2023-11-15
1700092800000,0.02474,0.02506,0.02317,0.02351,28055490.0,2023-11-16
1700179200000,0.02351,0.02413,0.02222,0.02331,28765392.0,2023-11-17
1700265600000,0.02331,0.02332,0.02209,0.02275,16259049.0,2023-11-18
1700352000000,0.02278,0.02317,0.0223,0.02299,19060443.0,2023-11-19
1700438400000,0.02301,0.02327,0.02255,0.02267,18709317.0,2023-11-20
1700524800000,0.02267,0.02324,0.021,0.02101,54164697.0,2023-11-21
1700611200000,0.021,0.02214,0.021,0.02196,19664400.0,2023-11-22
1700697600000,0.02194,0.0223,0.02167,0.02191,13881490.0,2023-11-23
1700784000000,0.02192,0.02319,0.02183,0.02315,18440580.0,2023-11-24
1700870400000,0.02312,0.02394,0.02263,0.02378,32350707.0,2023-11-25
1700956800000,0.02379,0.0276,0.02284,0.02528,164413599.0,2023-11-26
1701043200000,0.02528,0.02569,0.0226,0.02345,67084865.0,2023-11-27
1701129600000,0.02339,0.02354,0.0226,0.02343,26661251.0,2023-11-28
1701216000000,0.0234,0.02355,0.02276,0.02293,21360508.0,2023-11-29
1701302400000,0.0229,0.02339,0.02281,0.02331,15209822.0,2023-11-30
1701388800000,0.02331,0.02366,0.02296,0.02366,21034464.0,2023-12-01
1701475200000,0.02361,0.02473,0.02335,0.02447,27377357.0,2023-12-02
1701561600000,0.0245,0.0259,0.0238,0.02416,55543536.0,2023-12-03
1701648000000,0.02416,0.02522,0.02352,0.02435,36337445.0,2023-12-04
1701734400000,0.02432,0.02484,0.023,0.02482,30246439.0,2023-12-05
1701820800000,0.02483,0.0264,0.0246,0.02486,65126131.0,2023-12-06
1701907200000,0.02486,0.02578,0.02432,0.0255,23813273.0,2023-12-07
1701993600000,0.02546,0.02638,0.02497,0.02572,48301724.0,2023-12-08
1702080000000,0.02573,0.0268,0.02566,0.02623,44791016.0,2023-12-09
1702166400000,0.02617,0.02743,0.02542,0.0267,56499527.0,2023-12-10
1702252800000,0.02665,0.02673,0.02402,0.02475,69947371.0,2023-12-11
1702339200000,0.02476,0.02555,0.02382,0.02471,33965316.0,2023-12-12
1702425600000,0.02472,0.02534,0.0233,0.02506,42545315.0,2023-12-13
1702512000000,0.02505,0.02598,0.0244,0.02569,26349327.0,2023-12-14
1702598400000,0.02568,0.0258,0.02375,0.02388,28491554.0,2023-12-15
1702684800000,0.02392,0.02449,0.02354,0.02424,22531076.0,2023-12-16
1702771200000,0.02428,0.02556,0.02341,0.02414,43364626.0,2023-12-17
1702857600000,0.0241,0.02472,0.02242,0.02403,52438797.0,2023-12-18
1702944000000,0.02401,0.02616,0.02391,0.02458,79684329.0,2023-12-19
1703030400000,0.02461,0.03527,0.02454,0.02749,393813996.0,2023-12-20
1703116800000,0.02749,0.0385,0.02642,0.03621,605613377.0,2023-12-21
1703203200000,0.03618,0.04735,0.03317,0.03446,651710444.0,2023-12-22
1703289600000,0.03449,0.0479,0.03305,0.04399,391140567.0,2023-12-23
1703376000000,0.04397,0.04638,0.03763,0.03965,220497253.0,2023-12-24
1703462400000,0.03965,0.04259,0.03924,0.04179,48380239.0,2023-12-25
1703548800000,0.04188,0.04551,0.04065,0.04474,52194723.0,2023-12-26
1703635200000,0.04472,0.04849,0.04295,0.04397,55350883.0,2023-12-27
1703721600000,0.04397,0.04672,0.04106,0.04403,40441041.0,2023-12-28
1703808000000,0.04403,0.05769,0.04381,0.05109,285108486.0,2023-12-29
1703894400000,0.05112,0.059,0.04924,0.05386,124763402.0,2023-12-30
1703980800000,0.05386,0.0639,0.0531,0.05825,165388415.0,2023-12-31
1704067200000,0.05841,0.06247,0.05558,0.0572,37212689.0,2024-01-01
1704153600000,0.05726,0.06299,0.05659,0.06126,53495764.0,2024-01-02
1704240000000,0.06131,0.07721,0.05596,0.05856,163617668.0,2024-01-03
1704326400000,0.05856,0.065,0.05426,0.06334,52257654.0,2024-01-04
1704412800000,0.06315,0.08446,0.06079,0.06383,309504062.0,2024-01-05
1704499200000,0.06388,0.07097,0.06163,0.06863,67080684.0,2024-01-06
1704585600000,0.06852,0.06986,0.05939,0.0617,29457770.0,2024-01-07
1704672000000,0.06177,0.08133,0.06142,0.06849,173571466.0,2024-01-08
1704758400000,0.06851,0.07265,0.06299,0.06886,58031574.0,2024-01-09
1704844800000,0.06886,0.07395,0.06562,0.06803,68320355.0,2024-01-10
1704931200000,0.06816,0.07158,0.06641,0.06801,32411711.0,2024-01-11
1705017600000,0.06793,0.07,0.0625,0.06588,25126712.0,2024-01-12
1705104000000,0.06593,0.06987,0.06577,0.06684,17601426.0,2024-01-13
1705190400000,0.06682,0.0695,0.0647,0.06545,15917350.0,2024-01-14
1705276800000,0.06533,0.06884,0.06528,0.06622,21276468.0,2024-01-15
1705363200000,0.06624,0.08359,0.0662,0.07397,93190505.0,2024-01-16
1705449600000,0.07407,0.07738,0.06588,0.06954,55145870.0,2024-01-17
1705536000000,0.06961,0.07216,0.06512,0.06723,24600391.0,2024-01-18
1705622400000,0.06727,0.07008,0.06427,0.06845,21791937.0,2024-01-19
1705708800000,0.06839,0.07478,0.06777,0.07302,38806847.0,2024-01-20
1705795200000,0.073,0.1247,0.07126,0.10285,505581928.0,2024-01-21
1705881600000,0.10285,0.13119,0.09301,0.10198,475201664.0,2024-01-22
1705968000000,0.10187,0.10261,0.08266,0.08846,124876945.0,2024-01-23
1706054400000,0.08842,0.09345,0.07673,0.08042,68030423.0,2024-01-24
1706140800000,0.0804,0.1089,0.07507,0.10136,200206645.0,2024-01-25
1706227200000,0.10134,0.118,0.09262,0.10416,309039080.0,2024-01-26
1706313600000,0.10415,0.11984,0.09968,0.10096,135127451.0,2024-01-27
1706400000000,0.10109,0.108,0.09736,0.10428,56820957.0,2024-01-28
1706486400000,0.10428,0.105,0.09778,0.1016,31178786.0,2024-01-29
1706572800000,0.10167,0.1022,0.09486,0.09515,22457364.0,2024-01-30
1706659200000,0.09514,0.115,0.0927,0.10867,117436234.0,2024-01-31
1706745600000,0.10867,0.1135,0.09966,0.10157,49929140.0,2024-02-01
1706832000000,0.10158,0.12565,0.10084,0.12115,83083174.0,2024-02-02
1706918400000,0.12111,0.15927,0.11875,0.15092,294227265.0,2024-02-03
1707004800000,0.15092,0.1911,0.14504,0.16967,520536756.0,2024-02-04
1707091200000,0.16995,0.1777,0.15623,0.16035,182294239.0,2024-02-05
1707177600000,0.16037,0.16488,0.146,0.1595,119356333.0,2024-02-06
1707264000000,0.15951,0.18009,0.14737,0.17139,156450315.0,2024-02-07
1707350400000,0.17153,0.23999,0.17139,0.22514,441010938.0,2024-02-08
1707436800000,0.22516,0.34892,0.22119,0.31465,642098369.0,2024-02-09
1707523200000,0.31459,0.31899,0.25539,0.26079,217248590.0,2024-02-10
1707609600000,0.26079,0.336,0.26027,0.30554,306753551.0,2024-02-11
1707696000000,0.30551,0.3278,0.292,0.30583,182720785.0,2024-02-12
1707782400000,0.30578,0.3182,0.26441,0.28436,140865565.0,2024-02-13
1707868800000,0.28441,0.29555,0.275,0.28111,134272541.0,2024-02-14
1707955200000,0.28111,0.29281,0.25517,0.26278,108291907.0,2024-02-15
1708041600000,0.26286,0.27382,0.24011,0.24243,108026235.0,2024-02-16
1708128000000,0.24244,0.24905,0.2297,0.24812,110292637.0,2024-02-17
1708214400000,0.24811,0.25678,0.233,0.23941,74948481.0,2024-02-18
1708300800000,0.23941,0.2476,0.226,0.23207,79215158.0,2024-02-19
1708387200000,0.23208,0.24452,0.20287,0.22012,80780319.0,2024-02-20
1708473600000,0.21997,0.22563,0.2062,0.21789,68861918.0,2024-02-21
1708560000000,0.21774,0.2229,0.20841,0.21525,49485279.0,2024-02-22
1708646400000,0.21518,0.2468,0.211,0.21492,163455055.0,2024-02-23
1708732800000,0.21503,0.2225,0.2053,0.22028,46909798.0,2024-02-24
1708819200000,0.22033,0.22173,0.208,0.21377,24031713.0,2024-02-25
1708905600000,0.21373,0.22496,0.21,0.22223,39852044.0,2024-02-26
1708992000000,0.22223,0.23,0.211,0.2259,39022034.0,2024-02-27
1709078400000,0.22573,0.2799,0.22061,0.24694,169220343.0,2024-02-28
1709164800000,0.24696,0.2632,0.23561,0.2586,53185695.0,2024-02-29
1709251200000,0.25864,0.29586,0.25255,0.27058,81295621.0,2024-03-01
1709337600000,0.27058,0.27684,0.25793,0.27161,31360362.0,2024-03-02
1709424000000,0.27155,0.28199,0.257,0.27965,34715352.0,2024-03-03
1709510400000,0.27925,0.38,0.2658,0.32591,147959837.0,2024-03-04
1709596800000,0.32591,0.34533,0.24186,0.308,83054571.0,2024-03-05
1709683200000,0.30793,0.32,0.2939,0.31104,20816236.0,2024-03-06
1709769600000,0.31105,0.31275,0.29669,0.30489,18611864.0,2024-03-07
1709856000000,0.30492,0.32212,0.28812,0.2998,23513841.0,2024-03-08
1709942400000,0.29984,0.30693,0.29201,0.3045,17491587.0,2024-03-09
1710028800000,0.3044,0.31413,0.28827,0.30361,18282416.0,2024-03-10
1710115200000,0.30352,0.34368,0.29023,0.32199,34284102.0,2024-03-11
1710201600000,0.32199,0.34,0.29052,0.33965,26147326.0,2024-03-12
1710288000000,0.33954,0.34639,0.30957,0.32607,25335607.0,2024-03-13
1710374400000,0.32607,0.39999,0.32,0.39182,88214564.0,2024-03-14
1710460800000,0.39186,0.43891,0.34474,0.43326,88623007.0,2024-03-15
1710547200000,0.43324,0.478,0.40238,0.46095,80672786.33,2024-03-16
1710633600000,0.46112,0.6491,0.40644,0.6101,110009078.73,2024-03-17
1710720000000,0.61021,0.868,0.58441,0.83309,270191244.57,2024-03-18
1710806400000,0.83297,0.94953,0.60454,0.68167,347458138.88,2024-03-19
1710892800000,0.68166,0.7611,0.64944,0.69326,115982033.0,2024-03-20
1710979200000,0.6938,0.724,0.5874,0.59483,120548054.0,2024-03-21
1711065600000,0.59463,0.61301,0.55278,0.60035,92663212.0,2024-03-22
1711152000000,0.60045,0.63444,0.55017,0.55043,35200940.0,2024-03-23
1711238400000,0.55051,0.58941,0.54001,0.58828,31235664.0,2024-03-24
1711324800000,0.58841,0.723,0.56756,0.70074,164230698.0,2024-03-25
1711411200000,0.70088,0.845,0.68264,0.8093,170964619.0,2024-03-26
1711497600000,0.80929,0.84616,0.72392,0.73141,85075231.0,2024-03-27
1711584000000,0.73142,0.78392,0.71338,0.72313,37624275.0,2024-03-28
1711670400000,0.72299,0.738,0.69301,0.7043,21984489.0,2024-03-29
1711756800000,0.70462,0.74,0.68044,0.6853,28560923.0,2024-03-30
1711843200000,0.68535,0.75985,0.68,0.71877,31563634.0,2024-03-31
1711929600000,0.71933,0.72002,0.6347,0.66875,27901892.0,2024-04-01
1712016000000,0.66876,0.67,0.58274,0.66631,36965006.0,2024-04-02
1712102400000,0.66631,0.69282,0.62305,0.66687,38629976.0,2024-04-03
1712188800000,0.66686,0.72418,0.652,0.6726,31575921.0,2024-04-04
1712275200000,0.6726,0.74717,0.63059,0.70842,37829815.0,2024-04-05
1712361600000,0.70841,0.74086,0.64911,0.68092,29358392.0,2024-04-06
1712448000000,0.68092,0.72814,0.66312,0.726,18272030.0,2024-04-07
1712534400000,0.726,0.84846,0.71083,0.77388,82943133.0,2024-04-08
1712620800000,0.77388,0.83654,0.77188,0.79669,50562218.0,2024-04-09
1712707200000,0.79687,0.91895,0.744,0.90287,66939286.0,2024-04-10
1712793600000,0.90287,1.04651,0.85358,1.0001,79356559.29,2024-04-11
1712880000000,1.00001,1.03462,0.84846,0.90788,74500853.0,2024-04-12
1712966400000,0.90821,0.9333,0.634,0.73262,70021463.0,2024-04-13
1713052800000,0.73217,0.75003,0.64431,0.72205,44923901.0,2024-04-14
1713139200000,0.72207,0.91868,0.69104,0.88594,81684495.0,2024-04-15
1713225600000,0.88611,0.91,0.76189,0.7624,56248832.0,2024-04-16
1713312000000,0.76267,0.77536,0.66801,0.68054,39738148.0,2024-04-17
1713398400000,0.68091,0.71598,0.65542,0.67342,24991748.0,2024-04-18
1713484800000,0.6731,0.74796,0.59102,0.71344,35275608.0,2024-04-19
1713571200000,0.71349,0.74,0.67876,0.72909,18499375.0,2024-04-20
1713657600000,0.72868,0.733,0.67604,0.69598,18746054.0,2024-04-21
1713744000000,0.69597,0.78,0.69286,0.7123,30848256.0,2024-04-22
1713830400000,0.7123,0.7184,0.6651,0.6728,15932468.0,2024-04-23
1713916800000,0.673,0.7442,0.6588,0.6681,23082058.0,2024-04-24
1714003200000,0.6681,0.748,0.63342,0.7272,25205109.0,2024-04-25
1714089600000,0.7269,0.7343,0.6856,0.6904,16704370.0,2024-04-26
1714176000000,0.6907,0.7609,0.6585,0.7598,23491686.0,2024-04-27
1714262400000,0.7599,0.8,0.7502,0.7753,27486766.0,2024-04-28
1714348800000,0.7753,0.81991,0.6931,0.7335,37109227.0,2024-04-29
1714435200000,0.7335,0.7466,0.6467,0.6555,20354180.0,2024-04-30
1714521600000,0.6553,0.6822,0.6031,0.652,25937816.0,2024-05-01
1714608000000,0.6517,0.6621,0.6262,0.6583,13983036.0,2024-05-02
1714694400000,0.6583,0.765,0.6355,0.7569,34729473.0,2024-05-03
1714780800000,0.7568,0.8116,0.7558,0.786,32501329.0,2024-05-04
1714867200000,0.7861,0.8029,0.7624,0.7776,13965092.0,2024-05-05
1714953600000,0.7776,0.81,0.7352,0.7652,24228326.0,2024-05-06
1715040000000,0.7654,0.778,0.7292,0.7344,16580357.0,2024-05-07
1715126400000,0.7338,0.7465,0.71,0.7169,10273565.0,2024-05-08
1715212800000,0.7168,0.7461,0.7043,0.7176,9166520.0,2024-05-09
1715299200000,0.7176,0.734,0.6731,0.689,13191199.0,2024-05-10
1715385600000,0.6889,0.7269,0.6747,0.7014,7600324.0,2024-05-11
1715472000000,0.7014,0.7087,0.6827,0.6889,4135633.0,2024-05-12
1715558400000,0.6889,0.714,0.6629,0.7034,8457147.0,2024-05-13
1715644800000,0.7035,0.728,0.6784,0.6812,9034167.0,2024-05-14
1715731200000,0.6811,0.7499,0.6687,0.7252,11404564.0,2024-05-15
1715817600000,0.7251,0.7448,0.6914,0.7034,6160475.0,2024-05-16
1715904000000,0.7037,0.7744,0.7034,0.7321,11635478.0,2024-05-17
1715990400000,0.7329,0.7547,0.7309,0.737,5833803.0,2024-05-18
1716076800000,0.7371,0.75,0.7008,0.706,4530540.0,2024-05-19
1716163200000,0.7058,0.7531,0.69,0.7509,9460145.0,2024-05-20
1716249600000,0.7507,0.7626,0.7214,0.734,8984237.0,2024-05-21
1716336000000,0.734,0.7346,0.6953,0.6998,9216773.0,2024-05-22
1716422400000,0.6994,0.7138,0.6288,0.6587,16817733.0,2024-05-23
1716508800000,0.6584,0.6833,0.6398,0.6547,9386417.0,2024-05-24
1716595200000,0.6547,0.6853,0.6526,0.6691,6920043.0,2024-05-25
1716681600000,0.6691,0.674,0.6551,0.6687,5458515.0,2024-05-26
1716768000000,0.6685,0.7,0.665,0.6804,10737845.0,2024-05-27
1716854400000,0.6805,0.6845,0.649,0.6709,8925479.0,2024-05-28
1716940800000,0.6708,0.6879,0.662,0.6666,7101997.0,2024-05-29
1717027200000,0.6664,0.688,0.63,0.6827,11758516.0,2024-05-30
1717113600000,0.6826,0.7357,0.6677,0.7315,17734487.0,2024-05-31
1717200000000,0.7315,0.8498,0.7255,0.8011,49404622.0,2024-06-01
1717286400000,0.8016,0.9455,0.7791,0.8797,59510885.0,2024-06-02
1717372800000,0.8794,0.9849,0.8,0.9227,64019790.0,2024-06-03
1717459200000,0.9227,0.9548,0.8773,0.9191,19639316.0,2024-06-04
1717545600000,0.9191,1.0,0.9038,0.9239,31434545.0,2024-06-05
1717632000000,0.9239,0.9585,0.8926,0.917,14710915.0,2024-06-06
1717718400000,0.9166,0.9648,0.8,0.9105,19772690.0,2024-06-07
1717804800000,0.9103,0.9529,0.886,0.918,21776334.0,2024-06-08
1717891200000,0.9179,1.04,0.8948,1.0336,50025274.0,2024-06-09
1717977600000,1.0334,1.099,1.0055,1.0323,42482237.72,2024-06-10
1718064000000,1.0325,1.0413,0.87,0.8739,31638905.0,2024-06-11
1718150400000,0.8741,0.9113,0.8304,0.8533,28039456.0,2024-06-12
1718236800000,0.8535,0.8799,0.801,0.8491,15639895.0,2024-06-13
1718323200000,0.8495,0.8691,0.7603,0.765,14451371.0,2024-06-14
1718409600000,0.765,0.7857,0.7428,0.7567,9801996.0,2024-06-15
1718496000000,0.7568,0.778,0.7415,0.7504,6481612.0,2024-06-16
1718582400000,0.7497,0.7571,0.6864,0.7038,9771920.0,2024-06-17
1718668800000,0.7048,0.7117,0.6364,0.6724,16004765.0,2024-06-18
1718755200000,0.6725,0.75,0.6612,0.7381,14331397.0,2024-06-19
1718841600000,0.7381,0.7598,0.7055,0.7114,10384295.0,2024-06-20
1718928000000,0.7118,0.7194,0.6703,0.7019,6447051.0,2024-06-21
1719014400000,0.7008,0.7239,0.6802,0.6806,4565500.0,2024-06-22
1719100800000,0.6803,0.6872,0.6513,0.6555,7040989.0,2024-06-23
1719187200000,0.6554,0.72,0.629,0.7169,11010429.0,2024-06-24
1719273600000,0.717,0.7641,0.7078,0.7461,11138304.0,2024-06-25
1719360000000,0.7461,0.762,0.7033,0.7145,7556211.0,2024-06-26
1719446400000,0.7146,0.7474,0.7051,0.706,5120721.0,2024-06-27
1719532800000,0.7059,0.7499,0.6976,0.7054,7286401.0,2024-06-28
1719619200000,0.7055,0.7466,0.7039,0.7116,4838529.0,2024-06-29
1719705600000,0.7113,0.785,0.7027,0.7816,12220455.0,2024-06-30
1719792000000,0.7816,0.8392,0.7646,0.832,8967920.0,2024-07-01
1719878400000,0.8324,0.8484,0.8173,0.8383,8231653.0,2024-07-02
1719964800000,0.838,0.9011,0.6888,0.8986,57610750.0,2024-07-03
1720051200000,0.8984,0.905,0.739,0.7476,37848515.0,2024-07-04
1720137600000,0.7475,0.8244,0.6631,0.7892,27207574.0,2024-07-05
1720224000000,0.7892,0.909,0.7875,0.9081,16208288.0,2024-07-06
1720310400000,0.9085,0.925,0.8571,0.869,13430472.0,2024-07-07
1720396800000,0.8697,0.96,0.8361,0.9164,18490829.0,2024-07-08
1720483200000,0.916,0.9792,0.8745,0.9598,8673730.0,2024-07-09
1720569600000,0.9598,0.988,0.9286,0.9724,9758945.0,2024-07-10
1720656000000,0.9721,1.173,0.9482,1.0605,82742373.0,2024-07-11
1720742400000,1.0596,1.0924,0.9787,1.068,26110038.0,2024-07-12
1720828800000,1.068,1.092,1.0431,1.0682,9620181.0,2024-07-13
1720915200000,1.0679,1.1024,1.0223,1.078,9557510.0,2024-07-14
1721001600000,1.0783,1.25,1.0607,1.2362,28388604.19,2024-07-15
1721088000000,1.2361,1.41,1.2361,1.3001,26281163.99,2024-07-16
1721174400000,1.3,1.3194,1.2521,1.2942,10520146.0,2024-07-17
1721260800000,1.2942,1.3321,1.2629,1.2965,8022882.0,2024-07-18
1721347200000,1.2965,1.2985,1.2158,1.2823,8731195.0,2024-07-19
1721433600000,1.2819,1.404,1.2563,1.3344,12589332.0,2024-07-20
1721520000000,1.3346,1.4162,1.2697,1.3875,7615406.0,2024-07-21
1721606400000,1.3875,1.3877,1.2791,1.2883,5386785.0,2024-07-22
1721692800000,1.2882,1.3226,1.2289,1.2595,5320574.0,2024-07-23
1721779200000,1.2592,1.279,1.2114,1.2202,4345800.0,2024-07-24
1721865600000,1.2204,1.2545,1.1514,1.2012,6873002.0,2024-07-25
1721952000000,1.2012,1.2167,1.1788,1.1985,5119177.0,2024-07-26
1722038400000,1.1982,1.229,1.1168,1.1998,9582146.0,2024-07-27
1722124800000,1.1996,1.2016,1.1418,1.1501,3496056.0,2024-07-28
1722211200000,1.1502,1.1829,1.1444,1.1722,3241939.0,2024-07-29
1722297600000,1.1724,1.2291,1.163,1.1847,6214405.0,2024-07-30
1722384000000,1.1847,1.2028,1.1333,1.1644,4270334.0,2024-07-31
1722470400000,1.1636,1.2341,1.1102,1.23,7094841.0,2024-08-01
1722556800000,1.2299,1.256,1.1322,1.1421,9715179.0,2024-08-02
1722643200000,1.1422,1.1815,1.025,1.0455,10894809.0,2024-08-03
1722729600000,1.0454,1.0906,0.9645,0.9807,10562504.0,2024-08-04
1722816000000,0.9808,1.0519,0.8542,1.0207,29497503.0,2024-08-05
1722902400000,1.0207,1.074,0.9927,1.0289,10430168.0,2024-08-06
1722988800000,1.0282,1.0825,0.9628,0.9682,8075034.0,2024-08-07
1723075200000,0.9681,1.0623,0.9396,1.0373,20073656.0,2024-08-08
1723161600000,1.0373,1.0508,0.9476,0.9936,8146156.0,2024-08-09
1723248000000,0.9937,1.0866,0.9854,1.0745,9055278.0,2024-08-10
1723334400000,1.075,1.0918,0.9819,0.9895,5922901.0,2024-08-11
1723420800000,0.9893,1.0034,0.9183,0.937,10962406.0,2024-08-12
1723507200000,0.9373,0.9923,0.9231,0.9748,7120287.0,2024-08-13
1723593600000,0.975,1.0027,0.9467,0.9753,5958638.0,2024-08-14
1723680000000,0.9748,0.9997,0.9178,0.9396,4874409.0,2024-08-15
1723766400000,0.9386,0.968,0.9053,0.9218,6250033.0,2024-08-16
1723852800000,0.9218,0.9322,0.8842,0.9248,3858420.0,2024-08-17
1723939200000,0.9252,0.9262,0.8605,0.8633,7934202.0,2024-08-18
1724025600000,0.8631,0.8931,0.8503,0.8837,6213640.0,2024-08-19
1724112000000,0.884,0.8999,0.8326,0.8491,6340068.0,2024-08-20
1724198400000,0.8493,0.904,0.8411,0.8967,4746044.0,2024-08-21
1724284800000,0.8975,0.91,0.8745,0.9026,2893366.0,2024-08-22
1724371200000,0.9027,1.0234,0.9002,1.0052,7436781.0,2024-08-23
1724457600000,1.0054,1.0674,0.9919,1.0193,6043688.0,2024-08-24
1724544000000,1.0193,1.02,0.9568,0.96,4355388.0,2024-08-25
1724630400000,0.9604,0.9698,0.9066,0.9097,3615627.0,2024-08-26
1724716800000,0.9096,0.9418,0.8662,0.8855,3896338.0,2024-08-27
1724803200000,0.8853,0.93,0.8698,0.8841,4685332.0,2024-08-28
1724889600000,0.8837,0.9635,0.882,0.9142,4037948.0,2024-08-29
1724976000000,0.9143,0.9491,0.8787,0.9274,4064145.0,2024-08-30
1725062400000,0.9276,0.9498,0.8984,0.9088,1914859.0,2024-08-31
1725148800000,0.909,0.9218,0.87,0.8796,3546521.0,2024-09-01
1725235200000,0.8788,1.0144,0.87,0.992,6016616.0,2024-09-02
1725321600000,0.9923,1.0055,0.9522,0.9537,8513048.0,2024-09-03
1725408000000,0.9537,1.0283,0.929,0.9682,6775587.0,2024-09-04
1725494400000,0.9681,0.9768,0.89,0.9134,7337272.0,2024-09-05
1725580800000,0.9135,0.9499,0.8646,0.8952,7771892.0,2024-09-06
1725667200000,0.8944,0.8985,0.8543,0.8633,4079073.0,2024-09-07
1725753600000,0.8633,0.8915,0.8428,0.8806,3217218.0,2024-09-08
1725840000000,0.8816,0.998,0.8768,0.9704,9124753.0,2024-09-09
1725926400000,0.9708,1.062,0.9638,1.0526,12001427.0,2024-09-10
1726012800000,1.0529,1.095,1.0003,1.0691,10026124.0,2024-09-11
1726099200000,1.0695,1.1672,1.0632,1.1621,10416452.0,2024-09-12
1726185600000,1.1615,1.1754,1.1145,1.127,10904336.0,2024-09-13
1726272000000,1.1276,1.1306,1.084,1.0972,6108164.0,2024-09-14
1726358400000,1.0972,1.1163,1.0642,1.0728,5044374.0,2024-09-15
1726444800000,1.0725,1.0907,1.0412,1.0585,4338385.0,2024-09-16
1726531200000,1.0585,1.0844,1.0414,1.0502,4291073.0,2024-09-17
1726617600000,1.0499,1.15,1.0282,1.1488,5658719.0,2024-09-18
1726704000000,1.149,1.1916,1.0995,1.1183,6844635.0,2024-09-19
1726790400000,1.1182,1.217,1.1042,1.1633,7372165.0,2024-09-20
1726876800000,1.1633,1.1878,1.1335,1.1748,4199391.0,2024-09-21
1726963200000,1.1751,1.1796,1.1072,1.1427,3016217.0,2024-09-22
1727049600000,1.1429,1.2093,1.118,1.1741,5172533.0,2024-09-23
1727136000000,1.1744,1.1836,1.1245,1.1566,4801307.0,2024-09-24
1727222400000,1.1571,1.24,1.129,1.1858,8068979.0,2024-09-25
1727308800000,1.1852,1.273,1.175,1.2516,7631978.0,2024-09-26
1727395200000,1.2516,1.2679,1.2165,1.2239,4237006.0,2024-09-27
1727481600000,1.2239,1.2513,1.2139,1.2369,3227855.0,2024-09-28
1727568000000,1.2373,1.2486,1.2105,1.2254,2261174.0,2024-09-29
1727654400000,1.226,1.2517,1.21,1.2151,4371782.0,2024-09-30
1727740800000,1.2148,1.2673,1.1781,1.2391,12364843.0,2024-10-01
1727827200000,1.2368,1.3166,1.223,1.2779,14662619.0,2024-10-02
1727913600000,1.2783,1.3002,1.2114,1.2844,7356232.0,2024-10-03
1728000000000,1.2848,1.389,1.249,1.3629,8995567.0,2024-10-04
1728086400000,1.3629,1.3774,1.3277,1.3464,7196424.0,2024-10-05
1728172800000,1.3468,1.415,1.3304,1.3717,6282866.0,2024-10-06
1728259200000,1.3715,1.4746,1.355,1.3819,9470231.76,2024-10-07
1728345600000,1.3835,1.4278,1.356,1.3728,4968807.0,2024-10-08
1728432000000,1.3722,1.4221,1.3059,1.3766,10481209.0,2024-10-09
1728518400000,1.3763,1.453,1.3231,1.4358,11236663.0,2024-10-10
1728604800000,1.4358,1.4936,1.4165,1.4352,7297896.0,2024-10-11
1728691200000,1.435,1.55,1.4315,1.4635,8062202.0,2024-10-12
1728777600000,1.4635,1.4997,1.4223,1.4975,8029128.0,2024-10-13
1728864000000,1.4981,1.625,1.4471,1.5918,13926482.96,2024-10-14
1728950400000,1.5919,1.6195,1.53,1.5572,8703302.0,2024-10-15
1729036800000,1.5571,1.5735,1.5064,1.5482,3850207.0,2024-10-16
1729123200000,1.548,1.5767,1.4838,1.5643,4781252.0,2024-10-17
1729209600000,1.5649,1.5912,1.5214,1.524,4986013.0,2024-10-18
1729296000000,1.5238,1.5466,1.4956,1.5003,2978386.0,2024-10-19
1729382400000,1.5007,1.5175,1.4822,1.4994,2756960.0,2024-10-20
1729468800000,1.4994,1.513,1.425,1.4656,6013846.0,2024-10-21
1729555200000,1.4639,1.4748,1.4135,1.435,3158064.0,2024-10-22
1729641600000,1.435,1.4377,1.3595,1.3748,4873660.0,2024-10-23
1729728000000,1.3748,1.4189,1.3291,1.3434,4295234.0,2024-10-24
1729814400000,1.3433,1.35,1.2205,1.2728,10785383.0,2024-10-25
1729900800000,1.2718,1.3096,1.2599,1.2665,3926231.0,2024-10-26
1729987200000,1.2668,1.53,1.2606,1.47,13802257.0,2024-10-27
1730073600000,1.47,1.4737,1.3301,1.3582,13979269.0,2024-10-28
1730160000000,1.3586,1.4029,1.3447,1.3914,10986965.0,2024-10-29
1730246400000,1.3915,1.4977,1.3825,1.4306,10518435.0,2024-10-30
1730332800000,1.4305,1.442,1.3813,1.4009,9378009.0,2024-10-31
1730419200000,1.4007,1.498,1.3648,1.435,9406426.0,2024-11-01
1730505600000,1.4348,1.4545,1.3707,1.382,4214443.0,2024-11-02
1730592000000,1.3823,1.39,1.3072,1.3465,4926658.0,2024-11-03
1730678400000,1.3463,1.3662,1.257,1.2758,5352188.0,2024-11-04
1730764800000,1.2767,1.3307,1.2705,1.3043,3339676.0,2024-11-05
1730851200000,1.3051,1.4372,1.303,1.4302,10983039.0,2024-11-06
1730937600000,1.4296,1.485,1.3976,1.4044,9002948.0,2024-11-07
1731024000000,1.4046,1.4211,1.3508,1.3734,6248789.0,2024-11-08
1731110400000,1.3734,1.4272,1.3513,1.4149,4512336.0,2024-11-09
1731196800000,1.4158,1.5333,1.3773,1.438,15211373.0,2024-11-10
1731283200000,1.4381,1.5211,1.3652,1.5045,17511445.0,2024-11-11
1731369600000,1.5044,1.6319,1.3056,1.5262,28852566.0,2024-11-12
1731456000000,1.5261,1.5379,1.3551,1.3912,18819567.0,2024-11-13
1731542400000,1.3912,1.8578,1.3869,1.6844,51903494.36,2024-11-14
1731628800000,1.6839,2.4965,1.5527,2.456,63971406.24,2024-11-15
1731715200000,2.4576,2.7554,2.1851,2.5693,86566813.29,2024-11-16
1731801600000,2.569,4.3592,2.5397,4.2327,92156283.0,2024-11-17
1731888000000,4.2336,4.5352,3.6575,3.7889,73847355.0,2024-11-18
1731974400000,3.7916,4.409,3.7675,3.8537,36858502.0,2024-11-19
1732060800000,3.8527,4.0595,3.6117,3.8017,25982995.0,2024-11-20
1732147200000,3.8023,3.9649,3.4153,3.7213,25733372.0,2024-11-21
1732233600000,3.72,4.084,3.5665,3.8326,28710609.0,2024-11-22
1732320000000,3.8333,3.99,3.596,3.6634,15989225.0,2024-11-23
1732406400000,3.6633,3.8615,3.5339,3.6318,13190978.0,2024-11-24
1732492800000,3.6347,3.7199,3.3652,3.4932,11590392.0,2024-11-25
1732579200000,3.4926,3.8164,3.4433,3.6494,21214576.0,2024-11-26
1732665600000,3.6489,3.7657,3.478,3.5135,9510273.0,2024-11-27
1732752000000,3.5126,3.625,3.3901,3.4755,7084284.0,2024-11-28
1732838400000,3.4754,3.673,3.4305,3.4711,9621288.0,2024-11-29
1732924800000,3.4704,3.8721,3.3966,3.5655,12525426.0,2024-11-30
1733011200000,3.5645,3.6044,3.45,3.509,7724555.0,2024-12-01
1733097600000,3.509,3.7082,3.2742,3.5934,17988687.0,2024-12-02
1733184000000,3.5934,4.1698,3.48,3.9297,31321847.0,2024-12-03
1733270400000,3.9297,4.0333,3.713,3.8098,11454464.0,2024-12-04
1733356800000,3.8098,4.2465,3.73,3.8927,12128437.0,2024-12-05
1733443200000,3.8927,4.1933,3.88,3.9655,8958962.0,2024-12-06
1733529600000,3.9659,3.9856,3.8601,3.9812,3814169.0,2024-12-07
1733616000000,3.9822,4.2042,3.9001,4.1753,10409728.0,2024-12-08
1733702400000,4.1753,4.29,3.0101,3.5535,24057030.0,2024-12-09
1733788800000,3.5536,4.1484,3.4065,4.0162,21284733.0,2024-12-10
1733875200000,4.017,4.6319,3.8614,4.2637,22584775.0,2024-12-11
1733961600000,4.2637,4.3295,4.0022,4.0244,8249768.0,2024-12-12
1734048000000,4.0242,4.094,3.835,3.8958,5892988.0,2024-12-13
1734134400000,3.8961,4.0586,3.8162,3.8825,6745165.0,2024-12-14
1734220800000,3.8827,3.9258,3.7629,3.8839,6891112.0,2024-12-15
1734307200000,3.8838,4.0998,3.8715,3.9348,13585804.0,2024-12-16
1734393600000,3.9369,4.1431,3.65,4.0071,8262217.0,2024-12-17
1734480000000,4.0095,4.1257,3.9095,3.9224,8667828.0,2024-12-18
1734566400000,3.9219,4.2057,3.6755,3.9826,20959731.0,2024-12-19
1734652800000,3.9809,4.0767,3.4142,3.8436,15946507.0,2024-12-20
1734739200000,3.8449,3.9888,3.6035,3.6847,7920321.0,2024-12-21
1734825600000,3.6862,3.8049,3.5142,3.6997,5235688.0,2024-12-22
1734912000000,3.6999,3.8431,3.4734,3.7752,6008643.0,2024-12-23
1734998400000,3.7752,3.8191,3.6975,3.8074,3208808.0,2024-12-24
1735084800000,3.8078,3.937,3.7117,3.78,2961196.0,2024-12-25
1735171200000,3.78,3.8035,3.6001,3.654,3377959.0,2024-12-26
1735257600000,3.6546,3.7828,3.567,3.6837,2542210.0,2024-12-27
1735344000000,3.6837,3.7931,3.6608,3.6945,2076627.0,2024-12-28
1735430400000,3.6946,3.8405,3.6224,3.6539,3228479.0,2024-12-29
1735516800000,3.6535,3.7157,3.3996,3.4553,3973086.0,2024-12-30
1735603200000,3.4544,3.9484,3.4539,3.8324,5846919.0,2024-12-31
1735689600000,3.8331,3.8932,3.7551,3.7786,2314511.0,2025-01-01
1735776000000,3.7789,3.961,3.7548,3.8835,3121968.0,2025-01-02
1735862400000,3.8848,3.9991,3.7752,3.9419,2759669.0,2025-01-03
1735948800000,3.9428,4.0189,3.8375,3.9733,2943140.0,2025-01-04
1736035200000,3.9742,4.0179,3.8667,3.921,2523506.0,2025-01-05
1736121600000,3.9215,4.0978,3.8805,4.0968,3245820.0,2025-01-06
1736208000000,4.0972,4.0978,3.8,3.8578,4034577.0,2025-01-07
1736294400000,3.8552,4.0494,3.7968,4.0302,6406919.0,2025-01-08
1736380800000,4.0303,4.0334,3.681,3.8384,7868580.0,2025-01-09
1736467200000,3.8387,4.1537,3.8385,3.9983,10258860.0,2025-01-10
1736553600000,3.9985,4.0328,3.856,3.893,2297167.0,2025-01-11
1736640000000,3.8932,3.997,3.7449,3.7717,2277593.0,2025-01-12
1736726400000,3.7717,3.8417,3.5684,3.8346,6411442.0,2025-01-13
1736812800000,3.8359,3.8362,3.6585,3.6903,3187638.0,2025-01-14
1736899200000,3.6909,3.9294,3.6651,3.8908,5166950.0,2025-01-15
1736985600000,3.8912,3.9888,3.7897,3.8286,3710216.0,2025-01-16
1737072000000,3.8287,3.9476,3.7659,3.8197,3736478.0,2025-01-17
1737158400000,3.8204,3.885,3.6562,3.7789,5500222.0,2025-01-18
1737244800000,3.7796,3.894,3.5238,3.5965,7806624.0,2025-01-19
1737331200000,3.5963,3.8843,3.4889,3.6086,9447402.0,2025-01-20
1737417600000,3.6088,3.7447,3.4626,3.6635,3516319.0,2025-01-21
1737504000000,3.6627,3.7405,3.4256,3.6983,5393722.0,2025-01-22
1737590400000,3.6985,3.7275,3.5324,3.6612,3546652.0,2025-01-23
1737676800000,3.6605,3.739,3.4932,3.512,2791895.0,2025-01-24
1737763200000,3.5117,4.0694,3.173,4.0618,11392620.0,2025-01-25
1737849600000,4.0623,5.1047,4.0297,4.7108,37283658.0,2025-01-26
1737936000000,4.7108,4.9631,4.4438,4.6724,26985950.0,2025-01-27
1738022400000,4.6724,4.8005,4.369,4.5066,12968725.0,2025-01-28
1738108800000,4.5065,4.7299,4.426,4.65,10198030.0,2025-01-29
1738195200000,4.65,5.95,4.6412,5.6325,32651881.0,2025-01-30
1738281600000,5.6332,5.6788,5.1664,5.3288,11101712.0,2025-01-31
1738368000000,5.3282,5.497,5.2013,5.2211,7954886.0,2025-02-01
1738454400000,5.2217,5.3178,4.8117,4.9428,12996844.0,2025-02-02
1738540800000,4.9429,6.295,4.4,6.0637,38046056.0,2025-02-03
1738627200000,6.0641,6.2452,5.6775,5.7948,14258383.0,2025-02-04
1738713600000,5.7949,6.0117,5.644,5.7896,8063018.0,2025-02-05
1738800000000,5.7897,5.9793,5.532,5.8522,15368507.0,2025-02-06
1738886400000,5.8522,6.485,5.6957,6.014,16766647.0,2025-02-07
1738972800000,6.0132,6.0349,5.7945,5.8593,8457116.0,2025-02-08
1739059200000,5.859,6.2349,5.6971,6.1507,12403466.0,2025-02-09
1739145600000,6.1523,6.2988,6.0183,6.0714,10748271.0,2025-02-10
1739232000000,6.0714,6.1322,5.8002,5.8031,9355244.0,2025-02-11
1739318400000,5.8031,5.9843,5.5999,5.8005,14715832.0,2025-02-12
1739404800000,5.8005,5.975,5.27,5.8512,12153091.0,2025-02-13
1739491200000,5.8504,7.479,5.4035,7.0473,17387538.0,2025-02-14
1739577600000,7.0476,8.2,6.8698,7.5619,34131623.0,2025-02-15
1739664000000,7.5633,7.7783,7.2857,7.4261,8344406.0,2025-02-16
1739750400000,7.426,7.5802,7.2168,7.233,4226439.0,2025-02-17
1739836800000,7.2333,7.7,7.0977,7.5977,6736940.0,2025-02-18
1739923200000,7.5976,7.72,7.4424,7.6104,13606311.0,2025-02-19
1740009600000,7.6104,8.4604,7.2533,8.0289,11160988.0,2025-02-20
1740096000000,8.0288,8.078,7.4007,7.565,8307825.0,2025-02-21
1740182400000,7.5669,8.2649,7.43,8.2468,10481807.0,2025-02-22
1740268800000,8.2471,9.1733,8.1776,8.4984,14543596.0,2025-02-23
1740355200000,8.498,8.6904,7.9764,8.0297,10749607.0,2025-02-24
1740441600000,8.0288,8.475,7.4458,7.7553,9149808.0,2025-02-25
1740528000000,7.7556,7.9039,7.0426,7.1136,7420511.0,2025-02-26
1740614400000,7.1145,7.7857,7.0072,7.4253,4365756.0,2025-02-27
1740700800000,7.4247,7.7215,7.0697,7.5392,5239375.0,2025-02-28
1740787200000,7.5399,7.6904,7.3953,7.5931,1985048.0,2025-03-01
1740873600000,7.5931,8.2304,7.3531,7.6432,4699823.0,2025-03-02
1740960000000,7.6428,7.96,7.0144,7.1623,4290651.0,2025-03-03
1741046400000,7.1627,7.2992,6.5712,7.1736,6206822.0,2025-03-04
1741132800000,7.1733,7.3499,6.841,7.1001,3923885.0,2025-03-05
1741219200000,7.1,7.408,6.8156,6.8266,3968571.0,2025-03-06
1741305600000,6.8275,6.8492,6.452,6.5739,2694988.0,2025-03-07
1741392000000,6.5728,6.7748,6.4652,6.5376,1704006.0,2025-03-08
1741478400000,6.537,6.7479,5.9832,6.1764,4682054.0,2025-03-09
1741564800000,6.1764,6.38,5.85,6.2892,5945962.0,2025-03-10
1741651200000,6.2892,6.4694,6.1655,6.3123,4086306.0,2025-03-11
1741737600000,6.3118,6.6512,6.2381,6.5248,2308801.0,2025-03-12
1741824000000,6.5247,6.5661,6.2833,6.3145,1299061.0,2025-03-13
1741910400000,6.3147,6.37,6.15,6.2561,1781643.0,2025-03-14
1741996800000,6.2564,6.6498,6.2382,6.6224,3488748.0,2025-03-15
1742083200000,6.6229,6.8748,6.5118,6.7582,5863870.0,2025-03-16
1742169600000,6.7581,7.065,6.7378,7.0006,5293455.0,2025-03-17
1742256000000,6.9993,7.1106,6.7902,7.0341,5444661.0,2025-03-18
1742342400000,7.0315,7.094,6.7195,6.9115,3782635.0,2025-03-19
1742428800000,6.9115,7.07,6.5656,6.615,4193186.0,2025-03-20
1742515200000,6.6155,6.6684,6.1785,6.1908,2032907.0,2025-03-21
1742601600000,6.1918,6.4673,6.1205,6.2752,1907142.0,2025-03-22
1742688000000,6.2749,6.8984,6.2421,6.4506,2501029.0,2025-03-23
1742774400000,6.4517,7.0192,6.3192,6.8487,3356440.0,2025-03-24
1742860800000,6.85,6.8699,6.62,6.8372,1707624.0,2025-03-25
1742947200000,6.8364,6.8634,6.4302,6.5389,2264437.0,2025-03-26
1743033600000,6.5388,6.6793,6.4473,6.487,1640750.0,2025-03-27
1743120000000,6.4871,6.5028,6.2151,6.3169,1314928.0,2025-03-28
1743206400000,6.3163,6.3422,6.1536,6.2064,846852.0,2025-03-29
1743292800000,6.2073,6.412,6.1626,6.256,1256526.0,2025-03-30
1743379200000,6.2558,6.3556,6.1064,6.218,1304071.0,2025-03-31
1743465600000,6.2189,6.3995,6.2118,6.3316,1448476.0,2025-04-01
1743552000000,6.3315,6.541,6.1158,6.2828,2421951.0,2025-04-02
1743638400000,6.2822,6.4555,6.2233,6.4239,2784617.0,2025-04-03
1743724800000,6.4239,6.4579,6.25,6.2815,2244689.0,2025-04-04
1743811200000,6.2825,6.3345,6.185,6.285,813592.0,2025-04-05
1743897600000,6.285,6.2995,5.6386,5.742,2886584.0,2025-04-06
1743984000000,5.7418,6.5031,5.7102,6.2839,5843162.0,2025-04-07
1744070400000,6.2833,6.45,6.1156,6.2137,3451976.0,2025-04-08
1744156800000,6.2137,6.868,6.0875,6.7973,7300316.0,2025-04-09
1744243200000,6.7958,6.827,6.2502,6.418,5659411.0,2025-04-10
1744329600000,6.4178,6.4909,6.3467,6.4002,3077759.0,2025-04-11
1744416000000,6.4003,6.465,6.2223,6.2606,2335396.0,2025-04-12
1744502400000,6.2607,6.3501,0.37,1.0092,470191646.0,2025-04-13
1744588800000,1.009,1.1,0.4646,0.5969,647238892.0,2025-04-14
1744675200000,0.5969,0.9998,0.5579,0.7995,480443318.0,2025-04-15
1744761600000,0.7994,0.824,0.6914,0.7086,212195884.0,2025-04-16
1744848000000,0.7086,0.7182,0.6157,0.652,117929835.1,2025-04-17
1744934400000,0.6519,0.717,0.6152,0.635,130077136.9,2025-04-18
1745020800000,0.635,0.6488,0.5824,0.6031,78647521.2,2025-04-19
1745107200000,0.6031,0.6134,0.5366,0.5451,100393764.8,2025-04-20
1745193600000,0.545,0.6081,0.4872,0.5136,218502155.4,2025-04-21
1745280000000,0.5136,0.556,0.5039,0.5487,104416867.4,2025-04-22
1745366400000,0.5488,0.5839,0.5242,0.5346,92976325.4,2025-04-23
1745452800000,0.5346,0.5349,0.505,0.5216,50112448.3,2025-04-24
1745539200000,0.5217,0.543,0.49,0.5154,69659358.5,2025-04-25
1745625600000,0.5155,0.5259,0.5064,0.5204,46176756.1,2025-04-26
1745712000000,0.5204,0.5866,0.4931,0.545,93484961.6,2025-04-27
1745798400000,0.545,0.5542,0.5114,0.5321,66909990.0,2025-04-28
1745884800000,0.532,0.5412,0.4545,0.4931,71705456.8,2025-04-29
1745971200000,0.4931,0.5063,0.4629,0.4862,66463686.1,2025-04-30
1746057600000,0.4862,0.4934,0.4323,0.4517,63573842.7,2025-05-01
1746144000000,0.4516,0.4584,0.4107,0.4209,78501887.1,2025-05-02
1746230400000,0.4211,0.4447,0.4088,0.4232,63584206.2,2025-05-03
1746316800000,0.4233,0.4249,0.3822,0.3904,53857190.7,2025-05-04
1746403200000,0.3903,0.4095,0.369,0.3952,80743394.0,2025-05-05
1746489600000,0.3953,0.4215,0.375,0.39,89922156.8,2025-05-06
1746576000000,0.3901,0.3944,0.351,0.359,63378424.2,2025-05-07
1746662400000,0.3591,0.3771,0.3571,0.3737,69542075.8,2025-05-08
1746748800000,0.3737,0.3944,0.3606,0.383,79009905.3,2025-05-09
1746835200000,0.3831,0.5177,0.3721,0.4707,245461628.0,2025-05-10
1746921600000,0.4706,0.4708,0.412,0.4213,102135436.8,2025-05-11
1747008000000,0.4213,0.4691,0.4053,0.4277,102201245.0,2025-05-12
1747094400000,0.4277,0.4485,0.4089,0.4441,51125642.5,2025-05-13
1747180800000,0.4442,0.4636,0.4174,0.4218,60548453.2,2025-05-14
1747267200000,0.4218,0.4297,0.3825,0.3951,58242827.1,2025-05-15
1747353600000,0.3952,0.4311,0.3709,0.3848,54513279.3,2025-05-16
1747440000000,0.3847,0.3865,0.3641,0.3746,38557376.4,2025-05-17
1747526400000,0.3747,0.3978,0.3712,0.3925,47976437.5,2025-05-18
1747612800000,0.3925,0.3939,0.3691,0.3898,32169422.9,2025-05-19
1747699200000,0.3898,0.3941,0.3733,0.3859,37359724.1,2025-05-20
1747785600000,0.3858,0.5092,0.3799,0.4119,278943720.8,2025-05-21
1747872000000,0.4121,0.4232,0.4053,0.4225,56862102.1,2025-05-22
1747958400000,0.4225,0.4402,0.3864,0.3895,83855149.8,2025-05-23
1748044800000,0.3895,0.4155,0.3886,0.4033,36676213.3,2025-05-24
1748131200000,0.4033,0.4149,0.3827,0.4023,40087971.9,2025-05-25
1748217600000,0.4023,0.4045,0.3863,0.3897,25900574.8,2025-05-26
1748304000000,0.3897,0.3959,0.37,0.3901,38347478.6,2025-05-27
1748390400000,0.3902,0.4017,0.3781,0.389,31866235.3,2025-05-28
1748476800000,0.389,0.3969,0.3718,0.3737,33915572.2,2025-05-29
1748563200000,0.3737,0.3769,0.291,0.299,131840054.7,2025-05-30
1748649600000,0.299,0.338,0.2983,0.3102,109337872.7,2025-05-31
1748736000000,0.3101,0.3236,0.3015,0.3186,32399609.6,2025-06-01
1748822400000,0.3187,0.3301,0.3067,0.3297,28152194.5,2025-06-02
1748908800000,0.3297,0.3378,0.3264,0.3292,27370227.0,2025-06-03
1748995200000,0.3291,0.3335,0.3102,0.3166,22441602.3,2025-06-04
1749081600000,0.3166,0.3171,0.2768,0.2811,47369680.0,2025-06-05
1749168000000,0.2811,0.3087,0.2787,0.2976,31595259.3,2025-06-06
1749254400000,0.2977,0.3101,0.2965,0.3032,14433646.3,2025-06-07
1749340800000,0.3032,0.307,0.2975,0.2993,12337792.7,2025-06-08
1749427200000,0.2993,0.3105,0.2963,0.3099,22089871.8,2025-06-09
1749513600000,0.31,0.3146,0.3019,0.3111,32538607.7,2025-06-10
1749600000000,0.3111,0.3229,0.2837,0.2906,48969727.8,2025-06-11
1749686400000,0.2906,0.292,0.2662,0.269,30928233.4,2025-06-12
1749772800000,0.269,0.2694,0.2427,0.2616,45165341.0,2025-06-13
1749859200000,0.2615,0.2844,0.258,0.264,48225091.7,2025-06-14
1749945600000,0.2641,0.2746,0.2554,0.262,19765780.2,2025-06-15
1750032000000,0.262,0.2705,0.2574,0.2583,22651064.7,2025-06-16
1750118400000,0.2583,0.2632,0.2449,0.2498,23389284.3,2025-06-17
1750204800000,0.2499,0.2615,0.2415,0.2516,20131552.4,2025-06-18
1750291200000,0.2517,0.2544,0.236,0.2437,24349476.1,2025-06-19
1750377600000,0.2437,0.2484,0.2267,0.2305,25265132.6,2025-06-20
1750464000000,0.2305,0.2375,0.2066,0.2147,25799310.9,2025-06-21
1750550400000,0.2148,0.2185,0.1936,0.2021,47479885.0,2025-06-22
1750636800000,0.2021,0.2227,0.1964,0.2218,46019828.9,2025-06-23
1750723200000,0.2219,0.2312,0.2163,0.221,32085892.5,2025-06-24
1750809600000,0.221,0.2217,0.2077,0.2103,26674382.0,2025-06-25
1750896000000,0.2103,0.2145,0.197,0.2007,24576278.1,2025-06-26
1750982400000,0.2008,0.207,0.1988,0.205,24376399.9,2025-06-27
1751068800000,0.2051,0.211,0.2009,0.2085,14458896.1,2025-06-28
1751155200000,0.2086,0.2279,0.2068,0.2175,45746828.9,2025-06-29
1751241600000,0.2175,0.2183,0.204,0.2098,21157123.8,2025-06-30
1751328000000,0.2098,0.2107,0.192,0.1974,26426629.5,2025-07-01
1751414400000,0.1974,0.2203,0.1954,0.2142,25095479.9,2025-07-02
1751500800000,0.2143,0.2336,0.2122,0.2168,65360028.1,2025-07-03
1751587200000,0.2167,0.2167,0.2038,0.2072,27280836.3,2025-07-04
1751673600000,0.2071,0.2092,0.2013,0.2047,11421678.6,2025-07-05
1751760000000,0.2048,0.2153,0.2018,0.2118,17196715.8,2025-07-06
1751846400000,0.2118,0.214,0.2027,0.207,17245420.7,2025-07-07
1751932800000,0.2069,0.2079,0.2002,0.2053,17236805.7,2025-07-08
1752019200000,0.2054,0.211,0.2012,0.2096,28050866.6,2025-07-09
1752105600000,0.2097,0.2236,0.2036,0.2214,42150144.9,2025-07-10
1752192000000,0.2214,0.2393,0.2175,0.2215,65811309.0,2025-07-11
1752278400000,0.2216,0.2247,0.2073,0.2179,38825840.5,2025-07-12
1752364800000,0.2179,0.2301,0.2148,0.2222,40718269.7,2025-07-13
1752451200000,0.2222,0.2501,0.2192,0.2412,120555896.1,2025-07-14
1752537600000,0.2413,0.2413,0.2228,0.2365,63217029.6,2025-07-15
1752624000000,0.2365,0.2417,0.2284,0.2363,46718624.8,2025-07-16
1752710400000,0.2363,0.2395,0.2233,0.2336,51181133.4,2025-07-17
1752796800000,0.2336,0.2458,0.2221,0.2284,53732428.5,2025-07-18
1752883200000,0.2284,0.2361,0.2212,0.2352,20741434.5,2025-07-19
1752969600000,0.2353,0.3971,0.2336,0.3576,458274907.1,2025-07-20
1753056000000,0.3574,0.3722,0.3209,0.3303,344141970.1,2025-07-21
1753142400000,0.3302,0.3401,0.2992,0.3145,116722239.8,2025-07-22
1753228800000,0.3144,0.32,0.2671,0.2781,112386190.4,2025-07-23
1753315200000,0.2782,0.284,0.2501,0.2652,64519616.0,2025-07-24
1753401600000,0.2653,0.2758,0.254,0.2745,57716785.6,2025-07-25
1753488000000,0.2744,0.3182,0.2743,0.2829,166521034.5,2025-07-26
1753574400000,0.2828,0.2891,0.2733,0.2809,48511942.8,2025-07-27
1753660800000,0.2809,0.2821,0.2569,0.2623,54494963.0,2025-07-28
1753747200000,0.2623,0.2734,0.2461,0.2537,54012477.6,2025-07-29
1753833600000,0.2537,0.2548,0.2344,0.2493,40262247.0,2025-07-30
1753920000000,0.2494,0.2635,0.2362,0.2373,42621564.7,2025-07-31
1754006400000,0.2373,0.2519,0.2251,0.2353,68416022.4,2025-08-01
1754092800000,0.2354,0.2408,0.2239,0.2367,41388367.4,2025-08-02
1754179200000,0.2366,0.2795,0.2333,0.2502,136846701.0,2025-08-03
1754265600000,0.2501,0.262,0.2446,0.2576,74856366.2,2025-08-04
1754352000000,0.2576,0.2697,0.2458,0.2518,58469145.4,2025-08-05
1754438400000,0.2518,0.283,0.2506,0.2791,127164277.8,2025-08-06
1754524800000,0.279,0.2816,0.269,0.2769,62131878.1,2025-08-07
1754611200000,0.2769,0.2857,0.2689,0.2803,54731154.1,2025-08-08
1754697600000,0.2804,0.289,0.2742,0.2817,46504058.9,2025-08-09
1754784000000,0.2817,0.2921,0.2691,0.2781,44677422.3,2025-08-10
1754870400000,0.278,0.3027,0.2623,0.2663,117883842.9,2025-08-11
1754956800000,0.2662,0.2819,0.2579,0.2759,46113070.9,2025-08-12
1755043200000,0.2759,0.2842,0.2718,0.2793,46406341.8,2025-08-13
1755129600000,0.2794,0.2859,0.2456,0.2517,73530447.0,2025-08-14
1755216000000,0.2518,0.2616,0.2453,0.2553,36529620.5,2025-08-15
1755302400000,0.2552,0.2585,0.2499,0.2571,18953766.5,2025-08-16
1755388800000,0.2571,0.2604,0.2526,0.256,18376518.1,2025-08-17
1755475200000,0.256,0.2565,0.2425,0.2444,29575545.5,2025-08-18
1755561600000,0.2445,0.2477,0.2336,0.2358,26882040.2,2025-08-19
1755648000000,0.2358,0.2424,0.2322,0.242,22817950.5,2025-08-20
1755734400000,0.242,0.244,0.2316,0.2336,22655231.7,2025-08-21
1755820800000,0.2336,0.2534,0.2219,0.2526,54298146.9,2025-08-22
1755907200000,0.2527,0.254,0.2443,0.2486,22693950.6,2025-08-23
1755993600000,0.2486,0.249,0.2331,0.2361,41964297.7,2025-08-24
1756080000000,0.236,0.2384,0.2143,0.2193,44178571.6,2025-08-25
1756166400000,0.2193,0.2315,0.2177,0.2302,25999826.2,2025-08-26
1756252800000,0.2302,0.2508,0.2269,0.2294,110766373.7,2025-08-27
1756339200000,0.2295,0.2358,0.2259,0.2331,41197005.7,2025-08-28
1756425600000,0.2332,0.2375,0.19,0.2136,75722404.0,2025-08-29
1756512000000,0.2137,0.2233,0.2115,0.2212,41859150.0,2025-08-30
1756598400000,0.2212,0.2228,0.2109,0.2116,25702445.3,2025-08-31
1756684800000,0.2116,0.214,0.196,0.2007,48020922.1,2025-09-01
1756771200000,0.2007,0.207,0.1989,0.2065,31799152.8,2025-09-02
1756857600000,0.2065,0.2077,0.202,0.2053,26819431.1,2025-09-03
1756944000000,0.2052,0.2077,0.1957,0.1997,29894455.3,2025-09-04
1757030400000,0.1997,0.2105,0.1995,0.2074,34718000.5,2025-09-05
1757116800000,0.2074,0.2089,0.202,0.2067,19379903.9,2025-09-06
1757203200000,0.2067,0.2111,0.206,0.2094,24241988.8,2025-09-07
1757289600000,0.2094,0.217,0.2083,0.2147,30854003.6,2025-09-08
1757376000000,0.2146,0.2206,0.2087,0.2131,46121429.4,2025-09-09
1757462400000,0.2132,0.225,0.2114,0.2167,54945445.7,2025-09-10
1757548800000,0.2166,0.2178,0.2108,0.2155,29553311.5,2025-09-11
1757635200000,0.2155,0.2238,0.2123,0.2224,30984726.9,2025-09-12
1757721600000,0.2224,0.2271,0.2172,0.2244,33950094.4,2025-09-13
1757808000000,0.2243,0.2302,0.2143,0.2175,44141334.4,2025-09-14
1757894400000,0.2174,0.2226,0.2008,0.2057,54426802.8,2025-09-15
1757980800000,0.2057,0.215,0.2012,0.2134,35623327.2,2025-09-16
1758067200000,0.2135,0.2184,0.2065,0.2163,50351059.3,2025-09-17
1758153600000,0.2164,0.2213,0.2138,0.2183,28201874.8,2025-09-18
1758240000000,0.2184,0.2207,0.2088,0.2107,26874693.4,2025-09-19
1758326400000,0.2106,0.2137,0.2077,0.2108,16583831.9,2025-09-20
1758412800000,0.2108,0.2133,0.2053,0.2082,19482733.5,2025-09-21
1758499200000,0.2081,0.209,0.1532,0.1756,155773959.0,2025-09-22
1758585600000,0.1756,0.1756,0.1666,0.1709,36468233.4,2025-09-23
1758672000000,0.1708,0.1755,0.1647,0.1703,31651120.5,2025-09-24
1758758400000,0.1703,0.1707,0.155,0.1581,58346374.8,2025-09-25
1758844800000,0.1581,0.1663,0.1575,0.1648,31368758.8,2025-09-26
1758931200000,0.1648,0.1855,0.1622,0.1788,80932028.1,2025-09-27
1759017600000,0.1788,0.1789,0.1623,0.1714,54924841.4,2025-09-28
1759104000000,0.1713,0.1714,0.1632,0.165,30209678.1,2025-09-29
1759190400000,0.1651,0.1666,0.1575,0.1649,35952599.1,2025-09-30
1759276800000,0.165,0.1765,0.1621,0.1764,32788476.8,2025-10-01
1759363200000,0.1764,0.1796,0.1699,0.1769,39591858.9,2025-10-02
1759449600000,0.1769,0.1788,0.1715,0.177,30712255.1,2025-10-03
1759536000000,0.177,0.1775,0.1677,0.1723,26195880.4,2025-10-04
1759622400000,0.1723,0.1784,0.17,0.1708,31561649.7,2025-10-05
1759708800000,0.1708,0.1796,0.169,0.1792,25670729.3,2025-10-06
1759795200000,0.1791,0.181,0.1647,0.1653,43738329.2,2025-10-07
1759881600000,0.1652,0.1725,0.1645,0.1671,25905887.0,2025-10-08
1759968000000,0.1672,0.1678,0.1557,0.1649,34709303.5,2025-10-09
1760054400000,0.1649,0.18,0.0303,0.1072,165432436.7,2025-10-10
1760140800000,0.1072,0.1137,0.0984,0.1018,99224920.5,2025-10-11
1760227200000,0.1018,0.1159,0.0978,0.1125,96766525.8,2025-10-12
1760313600000,0.1125,0.1678,0.1063,0.1435,173874112.6,2025-10-13
1760400000000,0.1435,0.1558,0.1188,0.1322,311021076.5,2025-10-14
1760486400000,0.1323,0.1508,0.1285,0.136,144773252.7,2025-10-15
1760572800000,0.1359,0.1359,0.1208,0.124,81202528.6,2025-10-16
1760659200000,0.1241,0.1311,0.1181,0.1211,77852918.5,2025-10-17
1760745600000,0.121,0.1253,0.1163,0.1197,37113930.8,2025-10-18
1760832000000,0.1198,0.1254,0.1173,0.1227,38851287.2,2025-10-19
1760918400000,0.1227,0.1315,0.1186,0.1229,56913913.4,2025-10-20
1761004800000,0.1229,0.1254,0.1163,0.1169,29839977.2,2025-10-21
1761091200000,0.1168,0.1183,0.1065,0.1109,28535836.1,2025-10-22
1761177600000,0.1108,0.1258,0.1107,0.1184,40921905.5,2025-10-23
1761264000000,0.1184,0.12,0.115,0.1177,17399174.9,2025-10-24
1761350400000,0.1176,0.1193,0.1156,0.1161,14377545.6,2025-10-25
1761436800000,0.1161,0.1201,0.1156,0.1193,18555430.1,2025-10-26
1761523200000,0.1193,0.1213,0.1122,0.1135,28102084.1,2025-10-27
1761609600000,0.1135,0.1158,0.108,0.11,27089191.7,2025-10-28
1761696000000,0.1099,0.1139,0.1069,0.1105,25911758.3,2025-10-29
1761782400000,0.1104,0.1116,0.0994,0.1021,42726737.7,2025-10-30
1761868800000,0.1021,0.1196,0.1019,0.104,59575184.4,2025-10-31
1761955200000,0.1041,0.1077,0.1025,0.1067,23241708.9,2025-11-01
1762041600000,0.1067,0.1078,0.1027,0.1054,19880461.3,2025-11-02
1762128000000,0.1053,0.1054,0.0892,0.0944,43079343.6,2025-11-03
1762214400000,0.0944,0.0968,0.083,0.0899,47847800.9,2025-11-04
1762300800000,0.0898,0.1015,0.086,0.0933,45299551.1,2025-11-05
1762387200000,0.0933,0.0938,0.0867,0.0893,28875004.9,2025-11-06
1762473600000,0.0893,0.1042,0.0888,0.1008,53616698.0,2025-11-07
1762560000000,0.1008,0.1073,0.0954,0.0983,49361990.6,2025-11-08
1762646400000,0.0982,0.1008,0.0928,0.0986,27836465.9,2025-11-09
1762732800000,0.0986,0.1025,0.0972,0.1009,33537732.3,2025-11-10
1762819200000,0.101,0.1025,0.091,0.0912,41302868.7,2025-11-11
1762905600000,0.0912,0.0961,0.0887,0.092,41706440.9,2025-11-12
1762992000000,0.092,0.0975,0.0855,0.0882,38230981.5,2025-11-13
1763078400000,0.0881,0.0916,0.0817,0.0833,41263885.8,2025-11-14
1763164800000,0.0833,0.0882,0.0832,0.085,14006605.7,2025-11-15
1763251200000,0.0849,0.0866,0.0789,0.082,24481740.7,2025-11-16
1763337600000,0.0819,0.0836,0.0777,0.0794,31330791.1,2025-11-17
1763424000000,0.0794,0.0829,0.0771,0.0813,20215319.4,2025-11-18
1763510400000,0.0812,0.0819,0.0751,0.0794,20241657.6,2025-11-19
1763596800000,0.0794,0.0832,0.0753,0.0784,40704009.2,2025-11-20
1763683200000,0.0785,0.0804,0.0661,0.0737,61169017.5,2025-11-21
1763769600000,0.0738,0.0766,0.0711,0.072,26054077.9,2025-11-22
1763856000000,0.072,0.0747,0.0712,0.0727,19810277.5,2025-11-23
1763942400000,0.0727,0.0763,0.0716,0.0748,27459951.0,2025-11-24
1764028800000,0.0748,0.0779,0.0726,0.0772,22994138.0,2025-11-25
1764115200000,0.0773,0.0993,0.0748,0.087,317049106.3,2025-11-26
1764201600000,0.0869,0.09,0.0812,0.0814,57122389.4,2025-11-27
1764288000000,0.0813,0.0855,0.0791,0.0836,46969152.4,2025-11-28
1764374400000,0.0836,0.0857,0.0781,0.0787,35295517.4,2025-11-29
1764460800000,0.0789,0.0805,0.0768,0.0772,16788538.4,2025-11-30
1764547200000,0.0772,0.0778,0.0712,0.0729,27923743.4,2025-12-01
1764633600000,0.0729,0.0775,0.0724,0.0753,28016925.7,2025-12-02
1764720000000,0.0754,0.0802,0.0751,0.0783,36524690.5,2025-12-03
1764806400000,0.0784,0.0794,0.0741,0.0757,22844771.2,2025-12-04
1764892800000,0.0757,0.0784,0.0717,0.0741,41868023.9,2025-12-05
1764979200000,0.0741,0.0761,0.0726,0.0744,22362269.4,2025-12-06
1765065600000,0.0745,0.0753,0.0704,0.0732,26551059.3,2025-12-07
1765152000000,0.0732,0.0779,0.0729,0.0752,30647996.5,2025-12-08
1765238400000,0.0752,0.0783,0.0739,0.0768,27531655.8,2025-12-09
1765324800000,0.0767,0.0774,0.0735,0.0743,27873988.8,2025-12-10
1765411200000,0.0743,0.0743,0.0713,0.0732,17243852.7,2025-12-11
1765497600000,0.0733,0.0741,0.0696,0.0715,17227538.6,2025-12-12
1765584000000,0.0714,0.0727,0.0713,0.0727,7883136.4,2025-12-13
1765670400000,0.0727,0.0728,0.0683,0.0692,15222259.2,2025-12-14
1765756800000,0.0692,0.0709,0.064,0.0658,23365876.0,2025-12-15
1765843200000,0.0659,0.0855,0.0643,0.075,138623590.5,2025-12-16
1765929600000,0.0749,0.0842,0.0699,0.071,149233789.0,2025-12-17
1766016000000,0.071,0.0713,0.0665,0.0679,36063276.5,2025-12-18
1766102400000,0.0679,0.0713,0.0674,0.0704,29276860.8,2025-12-19
1766188800000,0.0704,0.0766,0.0691,0.0727,42411354.8,2025-12-20
1766275200000,0.0727,0.0727,0.0674,0.0688,26119854.3,2025-12-21
1766361600000,0.0687,0.0722,0.0678,0.07,28209063.6,2025-12-22
1766448000000,0.0701,0.0706,0.0677,0.0701,19170223.2,2025-12-23
1766534400000,0.0702,0.0719,0.0694,0.0715,22976871.9,2025-12-24
1766620800000,0.0715,0.0826,0.0715,0.0743,69387546.6,2025-12-25
1766707200000,0.0742,0.0759,0.0723,0.0729,29614217.6,2025-12-26
1766793600000,0.073,0.0761,0.0729,0.0752,18787610.1,2025-12-27
1766880000000,0.0752,0.0756,0.0732,0.0742,13260225.8,2025-12-28
1766966400000,0.0742,0.0757,0.0718,0.0724,15323074.5,2025-12-29
1767052800000,0.0723,0.0724,0.0698,0.0702,31078028.1,2025-12-30
1767139200000,0.0702,0.0729,0.068,0.0692,25566113.7,2025-12-31
1767225600000,0.0692,0.0741,0.0688,0.0735,23076423.9,2026-01-01
1767312000000,0.0735,0.0773,0.0723,0.0754,34578231.7,2026-01-02
1767398400000,0.0754,0.0764,0.0736,0.0756,27438341.5,2026-01-03
1767484800000,0.0756,0.0804,0.0754,0.0791,47182600.7,2026-01-04
1767571200000,0.0791,0.0814,0.0769,0.0809,35193055.0,2026-01-05
1767657600000,0.0809,0.0854,0.0788,0.0827,50330188.1,2026-01-06
1767744000000,0.0827,0.0834,0.0793,0.0804,23976825.3,2026-01-07
1767830400000,0.0804,0.0821,0.0765,0.0776,35241787.2,2026-01-08
1767916800000,0.0777,0.0795,0.077,0.0786,26539662.4,2026-01-09
1768003200000,0.0786,0.0803,0.0774,0.0782,15278847.3,2026-01-10
1768089600000,0.0783,0.0796,0.0761,0.0773,19784143.0,2026-01-11
1768176000000,0.0774,0.0789,0.0745,0.0754,20156872.5,2026-01-12
1768262400000,0.0754,0.082,0.0752,0.081,31621155.0,2026-01-13
1768348800000,0.0809,0.0824,0.0777,0.0788,29102865.5,2026-01-14
1768435200000,0.0788,0.0792,0.0732,0.0748,30486236.8,2026-01-15
1768521600000,0.0748,0.077,0.0739,0.0746,13777063.4,2026-01-16
